acmi_id,acmi_name,wikidata_id,wikidata_name,acmi_title,wikidata_title,match
3139,JAMESON BREWER,Q6131008,JAMES CARDWELL,THE ADVENTURES OF THE LITTLE PRINCE,MORGAN KANE: THE LEGEND BEGINS,44
3139,JAMESON BREWER,Q30157724,JAMES BEDRICH,THE ADVENTURES OF THE LITTLE PRINCE,STORY,20
3139,JAMESON BREWER,Q13737615,JOES BRAUERS,THE ADVENTURES OF THE LITTLE PRINCE,THE LITTLE GANGSTER,56
3139,JAMESON BREWER,Q4864368,BARRY JOSEPHSON,THE ADVENTURES OF THE LITTLE PRINCE,ALIENS IN THE ATTIC,52
3139,JAMESON BREWER,Q51838430,JAMES L. EDWARDS,THE ADVENTURES OF THE LITTLE PRINCE,HER NAME WAS CHRISTA,29
3139,JAMESON BREWER,Q16214762,JAMES SEYMOUR BRETT,THE ADVENTURES OF THE LITTLE PRINCE,LAY THE FAVORITE,43
3139,JAMESON BREWER,Q96269716,JEAN BROCHER,THE ADVENTURES OF THE LITTLE PRINCE,Q96578231,0
3139,JAMESON BREWER,Q520651,EWEN BREMNER,THE ADVENTURES OF THE LITTLE PRINCE,PRINCE OF JUTLAND,50
3139,JAMESON BREWER,Q55815086,JOHN BARR,THE ADVENTURES OF THE LITTLE PRINCE,BLOOD AND MONEY,32
3139,JAMESON BREWER,Q19409887,JACEK BELER,THE ADVENTURES OF THE LITTLE PRINCE,THE AUSCHWITZ REPORT,47
3139,JAMESON BREWER,Q4227,JAMES COBURN,THE ADVENTURES OF THE LITTLE PRINCE,BRUCE LEE: THE CURSE OF THE DRAGON,53
3139,JAMESON BREWER,Q52160997,BREE HAZE,THE ADVENTURES OF THE LITTLE PRINCE,BITCHES ABROAD 6: CZECH IN & GET ANAL,38
3139,JAMESON BREWER,Q12022407,JAN BERAN,THE ADVENTURES OF THE LITTLE PRINCE,Q103834088,0
3139,JAMESON BREWER,Q159674,JAN BENES,THE ADVENTURES OF THE LITTLE PRINCE,Q104898524,0
3139,JAMESON BREWER,Q402764,JASON CLARKE,THE ADVENTURES OF THE LITTLE PRINCE,DAWN OF THE PLANET OF THE APES,58
3139,JAMESON BREWER,Q109797135,MITCHELL BREWER,THE ADVENTURES OF THE LITTLE PRINCE,HOW TO MAKE APPLESAUCE,35
3139,JAMESON BREWER,Q109797138,DEAN BREWER,THE ADVENTURES OF THE LITTLE PRINCE,HOW TO MAKE APPLESAUCE,35
3139,JAMESON BREWER,Q107264830,JASON BELIVEAU,THE ADVENTURES OF THE LITTLE PRINCE,MIDNIGHT AT THE OASIS,43
3139,JAMESON BREWER,Q1387804,JEAN BECKER,THE ADVENTURES OF THE LITTLE PRINCE,THE CHILDREN OF THE MARSHLAND,53
3139,JAMESON BREWER,Q6134248,JAMES FREER,THE ADVENTURES OF THE LITTLE PRINCE,TEN YEARS IN MANITOBA,36
3139,JAMESON BREWER,Q3806770,JAMES YOUNG DEER,THE ADVENTURES OF THE LITTLE PRINCE,THE YAQUI GIRL,29
3139,JAMESON BREWER,Q5499295,FREDERIK JENSEN,THE ADVENTURES OF THE LITTLE PRINCE,LITTLE DORRIT,38
3139,JAMESON BREWER,Q723738,JAMES CRUZE,THE ADVENTURES OF THE LITTLE PRINCE,THE PATRIOT AND THE SPY,55
3139,JAMESON BREWER,Q181006,JOHN BOWERS,THE ADVENTURES OF THE LITTLE PRINCE,RICHARD THE LION-HEARTED,54
3139,JAMESON BREWER,Q4887284,BENEDICT JAMES,THE ADVENTURES OF THE LITTLE PRINCE,HER GREATEST PERFORMANCE,41
3139,JAMESON BREWER,Q6134041,JAMES FORBES,THE ADVENTURES OF THE LITTLE PRINCE,THE TRAVELING SALESMAN,39
3139,JAMESON BREWER,Q18715957,JAMES FARLEY,THE ADVENTURES OF THE LITTLE PRINCE,THE BRIDE'S SILENCE,52
3139,JAMESON BREWER,Q1680060,JAMES BRADFORD,THE ADVENTURES OF THE LITTLE PRINCE,THE FALL OF THE ROMANOVS,58
3139,JAMESON BREWER,Q5498109,FREDERICK J. JACKSON,THE ADVENTURES OF THE LITTLE PRINCE,ANNIE-FOR-SPITE,44
3139,JAMESON BREWER,Q6131012,JAMES CAREW,THE ADVENTURES OF THE LITTLE PRINCE,ANNA THE ADVENTURESS,58
3139,JAMESON BREWER,Q6117114,JACKSON GREGORY,THE ADVENTURES OF THE LITTLE PRINCE,THE SECRET OF BLACK MOUNTAIN,48
3139,JAMESON BREWER,Q1298490,EGON BRECHER,THE ADVENTURES OF THE LITTLE PRINCE,THE THREE MUSKETEERS,47
3139,JAMESON BREWER,Q266521,JAMES WONG HOWE,THE ADVENTURES OF THE LITTLE PRINCE,THE ADVENTURES OF TOM SAWYER,67
3139,JAMESON BREWER,Q5337310,EDGAR JEPSON,THE ADVENTURES OF THE LITTLE PRINCE,THE LOUDWATER MYSTERY,39
3139,JAMESON BREWER,Q74246804,JAMES B. LEONG,THE ADVENTURES OF THE LITTLE PRINCE,LOTUS BLOSSOM,21
3139,JAMESON BREWER,Q95466,JAMES BAUER,THE ADVENTURES OF THE LITTLE PRINCE,THE GIRL FROM THE PROVINCES,61
3139,JAMESON BREWER,Q6129444,JAMES EDWARD BARTON,THE ADVENTURES OF THE LITTLE PRINCE,THE SHEPHERD OF THE HILLS,53
3139,JAMESON BREWER,Q655911,JAMES BASEVI,THE ADVENTURES OF THE LITTLE PRINCE,THE SONG OF BERNADETTE,53
3139,JAMESON BREWER,Q1495554,GASTON BRIESE,THE ADVENTURES OF THE LITTLE PRINCE,WIBBEL THE TAILOR,42
3139,JAMESON BREWER,Q2748114,BUD JAMISON,THE ADVENTURES OF THE LITTLE PRINCE,THREE LITTLE BEERS,57
3139,JAMESON BREWER,Q22024623,JAMES B. LOWE,THE ADVENTURES OF THE LITTLE PRINCE,UNCLE TOM'S CABIN,38
3139,JAMESON BREWER,Q55381,JACQUES BECKER,THE ADVENTURES OF THE LITTLE PRINCE,THE ADVENTURES OF ARSENE LUPIN,65
3139,JAMESON BREWER,Q6135029,JAMES GRUEN,THE ADVENTURES OF THE LITTLE PRINCE,NIGHT PARADE,30
3139,JAMESON BREWER,Q954859,JAMES FARLEY,THE ADVENTURES OF THE LITTLE PRINCE,DANGER LIGHTS,33
3139,JAMESON BREWER,Q1374891,JOHN BLEIFER,THE ADVENTURES OF THE LITTLE PRINCE,THE WIFE OF MONTE CRISTO,47
3139,JAMESON BREWER,Q6130501,JAMES BURKE,THE ADVENTURES OF THE LITTLE PRINCE,THE CALL OF THE WILD,51
3139,JAMESON BREWER,Q508990,JAN BRZECHWA,THE ADVENTURES OF THE LITTLE PRINCE,PARADE OF THE RESERVISTS,47
3139,JAMESON BREWER,Q6131924,JAMES CREELMAN,THE ADVENTURES OF THE LITTLE PRINCE,SOCIAL REGISTER,32
3139,JAMESON BREWER,Q6129613,JAMES BELL,THE ADVENTURES OF THE LITTLE PRINCE,THE GIRL OF THE LIMBERLOST,52
3139,JAMESON BREWER,Q6185913,JESS BARKER,THE ADVENTURES OF THE LITTLE PRINCE,THE TRAIL OF THE LONESOME PINE,62
3139,JAMESON BREWER,Q223151,JAMES BAKER,THE ADVENTURES OF THE LITTLE PRINCE,JAMES BAKER: THE MAN WHO MADE WASHINGTON WORK,41
3139,JAMESON BREWER,Q11270727,JAMES BRIDIE,THE ADVENTURES OF THE LITTLE PRINCE,THE PARADINE CASE,50
3139,JAMESON BREWER,Q443790,BARRY NELSON,THE ADVENTURES OF THE LITTLE PRINCE,THE BEGINNING OR THE END,51
3139,JAMESON BREWER,Q3158243,JACQUES BERGER,THE ADVENTURES OF THE LITTLE PRINCE,THE PASSION OF SLOW FIRE,47
3139,JAMESON BREWER,Q163861,HARRY JAMES,THE ADVENTURES OF THE LITTLE PRINCE,SPRINGTIME IN THE ROCKIES,50
3139,JAMESON BREWER,Q16197940,JAMES CARNEY,THE ADVENTURES OF THE LITTLE PRINCE,BUSMAN'S HONEYMOON,26
3139,JAMESON BREWER,Q6131896,JAMES CRAVEN,THE ADVENTURES OF THE LITTLE PRINCE,KING OF THE ROCKET MEN,53
3139,JAMESON BREWER,Q635131,JAMES BROWN,THE ADVENTURES OF THE LITTLE PRINCE,THE PRIDE OF ST. LOUIS,57
3139,JAMESON BREWER,Q16013442,ED JAMES,THE ADVENTURES OF THE LITTLE PRINCE,ROOKIES IN BURMA,31
3139,JAMESON BREWER,Q6129760,JAMES BEVERIDGE,THE ADVENTURES OF THE LITTLE PRINCE,THE BATTLE OF THE HARVESTS,56
3139,JAMESON BREWER,Q6116958,JACKSON BECK,THE ADVENTURES OF THE LITTLE PRINCE,TAKE THE MONEY AND RUN,49
3139,JAMESON BREWER,Q2130452,RAMON BARREIRO,THE ADVENTURES OF THE LITTLE PRINCE,THE OTHER FU MANCHU,44
3139,JAMESON BREWER,Q23583516,JAMES CARDWELL,THE ADVENTURES OF THE LITTLE PRINCE,SWEET AND LOW-DOWN,38
3139,JAMESON BREWER,Q242373,JANE GREER,THE ADVENTURES OF THE LITTLE PRINCE,THE PRISONER OF ZENDA,50
3139,JAMESON BREWER,Q803934,BIRGER MALMSTEN,THE ADVENTURES OF THE LITTLE PRINCE,THE LAST ADVENTURE,60
3139,JAMESON BREWER,Q336877,RAYMOND BURR,THE ADVENTURES OF THE LITTLE PRINCE,SERPENT OF THE NILE,56
3139,JAMESON BREWER,Q470190,JAMES ARNESS,THE ADVENTURES OF THE LITTLE PRINCE,FOR THE LOVE OF SPOCK,50
3139,JAMESON BREWER,Q1287856,JAMES HAYTER,THE ADVENTURES OF THE LITTLE PRINCE,THE SPIDER AND THE FLY,56
3139,JAMESON BREWER,Q462634,JEAN BRULLER,THE ADVENTURES OF THE LITTLE PRINCE,LE SILENCE DE LA MER,44
3139,JAMESON BREWER,Q170509,HENRY JAMES,THE ADVENTURES OF THE LITTLE PRINCE,THE PORTRAIT OF A LADY,53
3139,JAMESON BREWER,Q1359895,JAMES GREGORY,THE ADVENTURES OF THE LITTLE PRINCE,BENEATH THE PLANET OF THE APES,62
3139,JAMESON BREWER,Q38471625,JON BRANNER,THE ADVENTURES OF THE LITTLE PRINCE,DET STOD I AVISEN,38
3139,JAMESON BREWER,Q726526,JAMES EDWARDS,THE ADVENTURES OF THE LITTLE PRINCE,NIGHT OF THE QUARTER MOON,50
3139,JAMESON BREWER,Q268084,JAMES BEST,THE ADVENTURES OF THE LITTLE PRINCE,THE NAKED AND THE DEAD,53
3139,JAMESON BREWER,Q540969,JAMES BERNARD,THE ADVENTURES OF THE LITTLE PRINCE,THE HOUND OF THE BASKERVILLES,53
3139,JAMESON BREWER,Q5950,JAMES BROWN,THE ADVENTURES OF THE LITTLE PRINCE,THE CHARGE AT FEATHER RIVER,48
3139,JAMESON BREWER,Q352963,JAMES AGEE,THE ADVENTURES OF THE LITTLE PRINCE,THE NIGHT OF THE HUNTER,59
3139,JAMESON BREWER,Q1700454,JOHN HEWER,THE ADVENTURES OF THE LITTLE PRINCE,STRIP TEASE MURDER,42
3139,JAMESON BREWER,Q21469237,JAMES O'HARA,THE ADVENTURES OF THE LITTLE PRINCE,THE QUIET MAN,42
3139,JAMESON BREWER,Q28495357,JEAN BARRERE,THE ADVENTURES OF THE LITTLE PRINCE,JUDGEMENT OF GOD,27
3139,JAMESON BREWER,Q1552241,JOHN BAER,THE ADVENTURES OF THE LITTLE PRINCE,DOWN AMONG THE SHELTERING PALMS,45
3139,JAMESON BREWER,Q466497,TERESA BREWER,THE ADVENTURES OF THE LITTLE PRINCE,THOSE REDHEADS FROM SEATTLE,39
3139,JAMESON BREWER,Q18808890,SAMSON DE BRIER,THE ADVENTURES OF THE LITTLE PRINCE,INAUGURATION OF THE PLEASURE DOME,50
3139,JAMESON BREWER,Q487514,JAMES DRURY,THE ADVENTURES OF THE LITTLE PRINCE,RIDE THE HIGH COUNTRY,46
3139,JAMESON BREWER,Q3436228,ROBERT SAMPSON,THE ADVENTURES OF THE LITTLE PRINCE,VOYAGE TO THE BOTTOM OF THE SEA,45
3139,JAMESON BREWER,Q361514,JAMES B. HARRIS,THE ADVENTURES OF THE LITTLE PRINCE,THE CHRISTIAN LICORICE STORE,54
3139,JAMESON BREWER,Q108510,JAMES GARNER,THE ADVENTURES OF THE LITTLE PRINCE,THE THRILL OF IT ALL,51
3139,JAMESON BREWER,Q6090680,BO SAMUELSON,THE ADVENTURES OF THE LITTLE PRINCE,THE PHANTOM CARRIAGE,44
3139,JAMESON BREWER,Q1563129,JACQUELINE BEER,THE ADVENTURES OF THE LITTLE PRINCE,THE PRIZE,36
3139,JAMESON BREWER,Q3170702,JEAN BERGER,THE ADVENTURES OF THE LITTLE PRINCE,"L'AVENTURE, C'EST L'AVENTURE",52
3139,JAMESON BREWER,Q1345794,JAMES DARREN,THE ADVENTURES OF THE LITTLE PRINCE,THE MAN FROM THE 25TH CENTURY,53
3139,JAMESON BREWER,Q95714816,JENNY DREHER,THE ADVENTURES OF THE LITTLE PRINCE,THE PERJURER,38
3139,JAMESON BREWER,Q5271408,DIANE BREWSTER,THE ADVENTURES OF THE LITTLE PRINCE,THE MAN IN THE NET,49
3139,JAMESON BREWER,Q326937,JAMES BURTON,THE ADVENTURES OF THE LITTLE PRINCE,ELVIS: THAT'S THE WAY IT IS,43
3139,JAMESON BREWER,Q977453,JAMES BRIDGES,THE ADVENTURES OF THE LITTLE PRINCE,INVASION OF THE SAUCER MEN,46
3139,JAMESON BREWER,Q15820713,JAMES CARR,THE ADVENTURES OF THE LITTLE PRINCE,ANTARCTIC CROSSING,34
3139,JAMESON BREWER,Q37267296,JAMES CLARKE,THE ADVENTURES OF THE LITTLE PRINCE,THE MUMMY,23
3139,JAMESON BREWER,Q547977,JAMES EDWARDS,THE ADVENTURES OF THE LITTLE PRINCE,THE SANDPIPER,38
3139,JAMESON BREWER,Q454933,LEO BROUWER,THE ADVENTURES OF THE LITTLE PRINCE,THE ADVENTURES OF JUAN QUIN QUIN,66
3139,JAMESON BREWER,Q3160944,JAMES BLUE,THE ADVENTURES OF THE LITTLE PRINCE,THE OLIVE TREES OF JUSTICE,56
3139,JAMESON BREWER,Q1383627,JEAN DEWEVER,THE ADVENTURES OF THE LITTLE PRINCE,THE KILLING GAME,43
3139,JAMESON BREWER,Q2217716,SAMSON BURKE,THE ADVENTURES OF THE LITTLE PRINCE,THE TRIUMPH OF ROBIN HOOD,50
3139,JAMESON BREWER,Q514461,JASON EVERS,THE ADVENTURES OF THE LITTLE PRINCE,ESCAPE FROM THE PLANET OF THE APES,58
3139,JAMESON BREWER,Q1679969,JAMES AUBREY,THE ADVENTURES OF THE LITTLE PRINCE,LORD OF THE FLIES,42
3139,JAMESON BREWER,Q1666,JACQUES BREL,THE ADVENTURES OF THE LITTLE PRINCE,"L'AVENTURE, C'EST L'AVENTURE",52
3139,JAMESON BREWER,Q2662215,BIRGER JENSEN,THE ADVENTURES OF THE LITTLE PRINCE,THE GIRL AND THE MILLIONAIRE,54
3139,JAMESON BREWER,Q203960,JAMES EARL JONES,THE ADVENTURES OF THE LITTLE PRINCE,THE LAST REMAKE OF BEAU GESTE,56
3139,JAMESON BREWER,Q315051,JAMES BROLIN,THE ADVENTURES OF THE LITTLE PRINCE,PEE-WEE'S BIG ADVENTURE,59
3139,JAMESON BREWER,Q11856770,EERO OJANEN,THE ADVENTURES OF THE LITTLE PRINCE,Q106377612,0
3139,JAMESON BREWER,Q5791742,CESAR JAIMES,THE ADVENTURES OF THE LITTLE PRINCE,Q16765983,0
3139,JAMESON BREWER,Q4978433,BRUCE WATSON,THE ADVENTURES OF THE LITTLE PRINCE,THIS PROPERTY IS CONDEMNED,46
3139,JAMESON BREWER,Q3160936,JAMES BERWICK,THE ADVENTURES OF THE LITTLE PRINCE,A BIG HAND FOR THE LITTLE LADY,43
3139,JAMESON BREWER,Q718691,JAMES BRODERICK,THE ADVENTURES OF THE LITTLE PRINCE,THE PHANTOM OF THE OPEN HEARTH,52
3139,JAMESON BREWER,Q167853,JAMES CRABE,THE ADVENTURES OF THE LITTLE PRINCE,THE BALTIMORE BULLET,47
3139,JAMESON BREWER,Q3161090,JAMES FRAWLEY,THE ADVENTURES OF THE LITTLE PRINCE,THE CHRISTIAN LICORICE STORE,54
3139,JAMESON BREWER,Q982519,CARMELO BENE,THE ADVENTURES OF THE LITTLE PRINCE,THE SYNDICATE: A DEATH IN THE FAMILY,57
3139,JAMESON BREWER,Q584155,SONNY BARGER,THE ADVENTURES OF THE LITTLE PRINCE,HELLS ANGELS ON WHEELS,49
3139,JAMESON BREWER,Q378807,JOHN BRUNNER,THE ADVENTURES OF THE LITTLE PRINCE,THE TERRORNAUTS,40
3139,JAMESON BREWER,Q3420834,RAYMOND EGER,THE ADVENTURES OF THE LITTLE PRINCE,SPIRITS OF THE DEAD,52
3139,JAMESON BREWER,Q809055,BARRY JACKSON,THE ADVENTURES OF THE LITTLE PRINCE,THE SAILOR'S RETURN,52
3139,JAMESON BREWER,Q1240407,HARVEY JASON,THE ADVENTURES OF THE LITTLE PRINCE,TOO LATE THE HERO,46
3139,JAMESON BREWER,Q11817,ANDREW JACKSON,THE ADVENTURES OF THE LITTLE PRINCE,DEATH OF A GUNFIGHTER,39
3139,JAMESON BREWER,Q10348959,PETER RAFELSON,THE ADVENTURES OF THE LITTLE PRINCE,LIONS LOVE,27
3139,JAMESON BREWER,Q6146123,JAMESON CLARK,THE ADVENTURES OF THE LITTLE PRINCE,RING OF BRIGHT WATER,47
3139,JAMESON BREWER,Q3161119,JAMES GREENE,THE ADVENTURES OF THE LITTLE PRINCE,THE MISSOURI BREAKS,44
3139,JAMESON BREWER,Q2130246,RAMON BIERI,THE ADVENTURES OF THE LITTLE PRINCE,THE ANDROMEDA STRAIN,47
3139,JAMESON BREWER,Q27859432,JOHN CABRERA,THE ADVENTURES OF THE LITTLE PRINCE,YELLOW HAIR AND THE PECOS KID,44
3139,JAMESON BREWER,Q555625,JASON BERNARD,THE ADVENTURES OF THE LITTLE PRINCE,WHILE YOU WERE SLEEPING,38
3139,JAMESON BREWER,Q3170992,JEAN BRISMEE,THE ADVENTURES OF THE LITTLE PRINCE,THE DEVIL'S NIGHTMARE,43
3139,JAMESON BREWER,Q3267201,JAMES BECK,THE ADVENTURES OF THE LITTLE PRINCE,DAD'S ARMY,18
3139,JAMESON BREWER,Q530630,JOHN CABRERA,THE ADVENTURES OF THE LITTLE PRINCE,THE CALL OF THE WILD,51
3139,JAMESON BREWER,Q6134610,JAMES GILBERT,THE ADVENTURES OF THE LITTLE PRINCE,SUNSTRUCK,23
3139,JAMESON BREWER,Q3161295,JAMES N. HARRELL,THE ADVENTURES OF THE LITTLE PRINCE,RACE WITH THE DEVIL,56
3139,JAMESON BREWER,Q94438,HANS BRENNER,THE ADVENTURES OF THE LITTLE PRINCE,STARKE ZEITEN,33
3139,JAMESON BREWER,Q27897562,JESUS BERENGUER,THE ADVENTURES OF THE LITTLE PRINCE,THE DARK SIDE OF THE HEART,59
3139,JAMESON BREWER,Q382604,JOHN BERGER,THE ADVENTURES OF THE LITTLE PRINCE,THE MIDDLE OF THE WORLD,48
3139,JAMESON BREWER,Q21416409,JOHAN BREWIS,THE ADVENTURES OF THE LITTLE PRINCE,FUNERAL FOR AN ASSASSIN,31
3139,JAMESON BREWER,Q16174211,JON BERLE,THE ADVENTURES OF THE LITTLE PRINCE,BOR BORSON JR.,25
3139,JAMESON BREWER,Q173968,JOHN BARBER,THE ADVENTURES OF THE LITTLE PRINCE,MANDINGO,19
3139,JAMESON BREWER,Q723780,BRION JAMES,THE ADVENTURES OF THE LITTLE PRINCE,KISS MEETS THE PHANTOM OF THE PARK,52
3139,JAMESON BREWER,Q299483,JAMES CROMWELL,THE ADVENTURES OF THE LITTLE PRINCE,REVENGE OF THE NERDS,51
3139,JAMESON BREWER,Q86952,JACQUES BREUER,THE ADVENTURES OF THE LITTLE PRINCE,THE LORD OF THE RINGS: THE FELLOWSHIP OF THE RING,48
3139,JAMESON BREWER,Q4861739,BARNEY JAMES,THE ADVENTURES OF THE LITTLE PRINCE,SEBASTIANE,27
3139,JAMESON BREWER,Q4864294,BARRY HANKERSON,THE ADVENTURES OF THE LITTLE PRINCE,PIPE DREAMS,35
3139,JAMESON BREWER,Q4937497,CARMEN BARBIERI,THE ADVENTURES OF THE LITTLE PRINCE,LA AVENTURA EXPLOSIVA,43
3139,JAMESON BREWER,Q1359938,RAYMOND J. BARRY,THE ADVENTURES OF THE LITTLE PRINCE,THE DEVIL'S IN THE DETAILS,59
3139,JAMESON BREWER,Q211415,EDWARD JAMES OLMOS,THE ADVENTURES OF THE LITTLE PRINCE,THE GREEN HORNET,51
3139,JAMESON BREWER,Q441276,JAMES BROOKE,THE ADVENTURES OF THE LITTLE PRINCE,LA TIGRE E ANCORA VIVA: SANDOKAN ALLA RISCOSSA!,35
3139,JAMESON BREWER,Q2351930,BEVERLY JOHNSON,THE ADVENTURES OF THE LITTLE PRINCE,"ABOUT FACE: THE SUPERMODELS, THEN AND NOW",49
3139,JAMESON BREWER,Q106221,JAMES HORNER,THE ADVENTURES OF THE LITTLE PRINCE,THE NAME OF THE ROSE,58
3139,JAMESON BREWER,Q7176765,PETER SAMUELSON,THE ADVENTURES OF THE LITTLE PRINCE,REVENGE OF THE NERDS,51
3139,JAMESON BREWER,Q493077,JAMES AVERY,THE ADVENTURES OF THE LITTLE PRINCE,BEASTMASTER 2: THROUGH THE PORTAL OF TIME,51
3139,JAMESON BREWER,Q6135950,JAMES HERBERT,THE ADVENTURES OF THE LITTLE PRINCE,MOON IN TAURUS,24
3139,JAMESON BREWER,Q903766,BREAKER MORANT,THE ADVENTURES OF THE LITTLE PRINCE,BREAKER MORANT,33
3139,JAMESON BREWER,Q28070917,JUAN BECEIRO,THE ADVENTURES OF THE LITTLE PRINCE,DESDE EL ABISMO,32
3139,JAMESON BREWER,Q355009,JACKSON BROWNE,THE ADVENTURES OF THE LITTLE PRINCE,IN THE KING OF PRUSSIA,49
3139,JAMESON BREWER,Q311754,JASON ALEXANDER,THE ADVENTURES OF THE LITTLE PRINCE,THE ADVENTURES OF ROCKY AND BULLWINKLE,68
3139,JAMESON BREWER,Q1387214,JAMES BRADY,THE ADVENTURES OF THE LITTLE PRINCE,FACES OF DEATH II,38
3139,JAMESON BREWER,Q18406,RAMON BAREA,THE ADVENTURES OF THE LITTLE PRINCE,TWIN MURDERS: THE SILENCE OF THE WHITE CITY,55
3139,JAMESON BREWER,Q6130550,JAMES BURROUGHS,THE ADVENTURES OF THE LITTLE PRINCE,AGAINST WIND AND TIDE: A CUBAN ODYSSEY,33
3139,JAMESON BREWER,Q106375206,JAMES BRYAN,THE ADVENTURES OF THE LITTLE PRINCE,DON'T GO IN THE WOODS,46
3139,JAMESON BREWER,Q5605141,GREER ROBSON,THE ADVENTURES OF THE LITTLE PRINCE,SMASH PALACE,26
3139,JAMESON BREWER,Q12303922,BO GREEN JENSEN,THE ADVENTURES OF THE LITTLE PRINCE,Q33553763,0
3139,JAMESON BREWER,Q3050241,JAMES BURROWS,THE ADVENTURES OF THE LITTLE PRINCE,EDEN LAKE,27
3139,JAMESON BREWER,Q16602102,JASNA BERI,THE ADVENTURES OF THE LITTLE PRINCE,IN THE LAND OF BLOOD AND HONEY,43
3139,JAMESON BREWER,Q1356957,JAMES BURTON,THE ADVENTURES OF THE LITTLE PRINCE,HEART LIKE A WHEEL,42
3139,JAMESON BREWER,Q16730159,JAMES DAVERN,THE ADVENTURES OF THE LITTLE PRINCE,WARMING UP,22
3139,JAMESON BREWER,Q888012,BOB JAMES,THE ADVENTURES OF THE LITTLE PRINCE,JOHN WYCLIFFE: THE MORNING STAR,37
3139,JAMESON BREWER,Q20973996,GENNIE JAMES,THE ADVENTURES OF THE LITTLE PRINCE,PLACES IN THE HEART,44
3139,JAMESON BREWER,Q310367,JON CRYER,THE ADVENTURES OF THE LITTLE PRINCE,PENN & TELLER GET KILLED,46
3139,JAMESON BREWER,Q813146,BEATE JENSEN,THE ADVENTURES OF THE LITTLE PRINCE,THE KISS OF THE TIGER,46
3139,JAMESON BREWER,Q3161136,JAMES HARPER,THE ADVENTURES OF THE LITTLE PRINCE,THE INSIDER,39
3139,JAMESON BREWER,Q282197,JASON CARTER,THE ADVENTURES OF THE LITTLE PRINCE,THE CIRCUIT 3: STREET MONK,43
3139,JAMESON BREWER,Q1680010,JAMES BARTLE,THE ADVENTURES OF THE LITTLE PRINCE,THE QUIET EARTH,44
3139,JAMESON BREWER,Q213869,JAMES NEWTON HOWARD,THE ADVENTURES OF THE LITTLE PRINCE,THE PRINCE OF TIDES,59
3139,JAMESON BREWER,Q674663,JASON HERVEY,THE ADVENTURES OF THE LITTLE PRINCE,PEE-WEE'S BIG ADVENTURE,59
3139,JAMESON BREWER,Q348489,JAMES BRUCE,THE ADVENTURES OF THE LITTLE PRINCE,ALAMO BAY,18
3139,JAMESON BREWER,Q944681,JASON BEGHE,THE ADVENTURES OF THE LITTLE PRINCE,"GOING CLEAR: SCIENTOLOGY, HOLLYWOOD, AND THE PRISON OF BELIEF",49
3139,JAMESON BREWER,Q6162096,JASON BRETT,THE ADVENTURES OF THE LITTLE PRINCE,ABOUT LAST NIGHT...,35
3139,JAMESON BREWER,Q11910476,JAMES GREENE,THE ADVENTURES OF THE LITTLE PRINCE,EMPIRE OF THE SUN,46
3139,JAMESON BREWER,Q1699376,JOHN BOWE,THE ADVENTURES OF THE LITTLE PRINCE,THE LIVING DAYLIGHTS,44
3139,JAMESON BREWER,Q3806991,JANE BRUCKER,THE ADVENTURES OF THE LITTLE PRINCE,DIRTY DANCING,25
3139,JAMESON BREWER,Q356598,ELMORE JAMES,THE ADVENTURES OF THE LITTLE PRINCE,HAMLET GOES BUSINESS,40
3139,JAMESON BREWER,Q12409299,MENI BEGER,THE ADVENTURES OF THE LITTLE PRINCE,Q6631888,0
3139,JAMESON BREWER,Q16300929,RAMON IBARRA,THE ADVENTURES OF THE LITTLE PRINCE,THE SILLY ONES AND THE STUPID ONES,58
3139,JAMESON BREWER,Q25039657,GREG LAMBERSON,THE ADVENTURES OF THE LITTLE PRINCE,SLIME CITY MASSACRE,26
3139,JAMESON BREWER,Q6129263,JAMES BAKER,THE ADVENTURES OF THE LITTLE PRINCE,FUN DOWN THERE,41
3139,JAMESON BREWER,Q6129930,JAMES BOGLE,THE ADVENTURES OF THE LITTLE PRINCE,IN THE WINTER DARK,45
3139,JAMESON BREWER,Q297801,JAMES IRWIN,THE ADVENTURES OF THE LITTLE PRINCE,FOR ALL MANKIND,32
3139,JAMESON BREWER,Q6162057,JASON BLICKER,THE ADVENTURES OF THE LITTLE PRINCE,AMERICAN BOYFRIENDS,37
3139,JAMESON BREWER,Q312278,JAMES BRADLEY,THE ADVENTURES OF THE LITTLE PRINCE,GLASS,10
3139,JAMESON BREWER,Q1683879,JASON BROOKS,THE ADVENTURES OF THE LITTLE PRINCE,ROCK AND ROLL'S GREATEST FAILURE: OTWAY THE MOVIE,46
3139,JAMESON BREWER,Q4977240,BRUCE CARSON,THE ADVENTURES OF THE LITTLE PRINCE,THE NIGHT BRINGS CHARLIE,44
3139,JAMESON BREWER,Q3157521,JACOB BERGER,THE ADVENTURES OF THE LITTLE PRINCE,LECON DE MATHEMATIQUE,46
3139,JAMESON BREWER,Q6000129,BERT MANSON,THE ADVENTURES OF THE LITTLE PRINCE,BLACK JACK,13
3139,JAMESON BREWER,Q2846642,ANDREW JACKSON,THE ADVENTURES OF THE LITTLE PRINCE,RED-BLOODED AMERICAN GIRL,33
3139,JAMESON BREWER,Q21527161,JAMES B. HOWARD,THE ADVENTURES OF THE LITTLE PRINCE,PHILADELPHIA,26
3139,JAMESON BREWER,Q1907247,MASON LEE,THE ADVENTURES OF THE LITTLE PRINCE,THE HANGOVER PART II,51
3139,JAMESON BREWER,Q31741,BARRY WATSON,THE ADVENTURES OF THE LITTLE PRINCE,ATTACK OF THE 50 FT. WOMAN,40
3139,JAMESON BREWER,Q63982717,BARRY SAMSON,THE ADVENTURES OF THE LITTLE PRINCE,THE ICE RUNNER,41
3139,JAMESON BREWER,Q24699891,JOHN BOWER,THE ADVENTURES OF THE LITTLE PRINCE,TRUE ROMANCE,34
3139,JAMESON BREWER,Q456862,AMBER BENSON,THE ADVENTURES OF THE LITTLE PRINCE,RACE YOU TO THE BOTTOM,46
3139,JAMESON BREWER,Q5092743,CHERYL JAMES,THE ADVENTURES OF THE LITTLE PRINCE,WHO'S THE MAN?,38
3139,JAMESON BREWER,Q878772,JAMES BARBOUR,THE ADVENTURES OF THE LITTLE PRINCE,THE MYSTERY OF EDWIN DROOD,43
3139,JAMESON BREWER,Q3441405,RON JAMES,THE ADVENTURES OF THE LITTLE PRINCE,ERNEST RIDES AGAIN,38
3139,JAMESON BREWER,Q16179989,JORN BRENTE,THE ADVENTURES OF THE LITTLE PRINCE,DE BLA ULVENE,33
3139,JAMESON BREWER,Q614296,JAUME CABRE,THE ADVENTURES OF THE LITTLE PRINCE,Q35611502,0
3139,JAMESON BREWER,Q1687118,JENS BECKER,THE ADVENTURES OF THE LITTLE PRINCE,TOTALE STILLE,33
3139,JAMESON BREWER,Q1353665,JAMES O'BARR,THE ADVENTURES OF THE LITTLE PRINCE,THE CROW,28
3139,JAMESON BREWER,Q3161081,JAMES FLEET,THE ADVENTURES OF THE LITTLE PRINCE,DEATH ON THE TYNE,50
3139,JAMESON BREWER,Q3806537,JAMES EARP,THE ADVENTURES OF THE LITTLE PRINCE,WYATT EARP,27
3139,JAMESON BREWER,Q1823602,JOAN BERKHEMER,THE ADVENTURES OF THE LITTLE PRINCE,Q1926582,0
3139,JAMESON BREWER,Q25350175,JAMES L. CARTER,THE ADVENTURES OF THE LITTLE PRINCE,NO SUBTITLES NECESSARY: LASZLO & VILMOS,34
3139,JAMESON BREWER,Q313392,JAMES VAN DER BEEK,THE ADVENTURES OF THE LITTLE PRINCE,THE RULES OF ATTRACTION,48
3139,JAMESON BREWER,Q1110463,JAMES HERBERT,THE ADVENTURES OF THE LITTLE PRINCE,KING ARTHUR: LEGEND OF THE SWORD,52
3139,JAMESON BREWER,Q4961129,BRENDEN JEFFERSON,THE ADVENTURES OF THE LITTLE PRINCE,CRIMSON TIDE,30
3139,JAMESON BREWER,Q2607232,SALOME BREZINER,THE ADVENTURES OF THE LITTLE PRINCE,THE SECRET LIVES OF DORKS,60
3139,JAMESON BREWER,Q6130194,JAMES BREE,THE ADVENTURES OF THE LITTLE PRINCE,DOWNTIME,23
3139,JAMESON BREWER,Q6387708,KEN GREER,THE ADVENTURES OF THE LITTLE PRINCE,NO EXIT,24
3139,JAMESON BREWER,Q3160955,JAMES BRUCE,THE ADVENTURES OF THE LITTLE PRINCE,THE GIRL GETS MOE,50
3139,JAMESON BREWER,Q19865757,JAMES O'BRIEN,THE ADVENTURES OF THE LITTLE PRINCE,WESTERN RELIGION,39
3139,JAMESON BREWER,Q23059216,MONA BRAUER,THE ADVENTURES OF THE LITTLE PRINCE,THREE QUARTER MOON,42
3139,JAMESON BREWER,Q2924601,BRETT HARRELSON,THE ADVENTURES OF THE LITTLE PRINCE,THE PEOPLE VS. LARRY FLYNT,43
3139,JAMESON BREWER,Q936338,JASON FRIEDBERG,THE ADVENTURES OF THE LITTLE PRINCE,THE STARVING GAMES,45
3139,JAMESON BREWER,Q650006,JAMES CARTER,THE ADVENTURES OF THE LITTLE PRINCE,KANSAS CITY,17
3139,JAMESON BREWER,Q969855,JAMES BURKE,THE ADVENTURES OF THE LITTLE PRINCE,THE TRIGGER EFFECT,38
3139,JAMESON BREWER,Q1683873,JASON BARRY,THE ADVENTURES OF THE LITTLE PRINCE,THE LAST OF THE HIGH KINGS,52
3139,JAMESON BREWER,Q3810018,JORDAN BROWER,THE ADVENTURES OF THE LITTLE PRINCE,RELATIVE STRANGERS,34
3139,JAMESON BREWER,Q3161102,JAMES GERARD,THE ADVENTURES OF THE LITTLE PRINCE,MY FATHER SAVED MY LIFE,38
3139,JAMESON BREWER,Q6162426,JASON DURR,THE ADVENTURES OF THE LITTLE PRINCE,TRUE TRUE LIE,38
3139,JAMESON BREWER,Q318487,JAMES ELLROY,THE ADVENTURES OF THE LITTLE PRINCE,STREET KINGS,34
3139,JAMESON BREWER,Q767499,JAMES CORDEN,THE ADVENTURES OF THE LITTLE PRINCE,THE THREE MUSKETEERS,47
3139,JAMESON BREWER,Q230827,JORDANA BREWSTER,THE ADVENTURES OF THE LITTLE PRINCE,THE FAST AND THE FURIOUS,54
3139,JAMESON BREWER,Q1349297,JAMES FREY,THE ADVENTURES OF THE LITTLE PRINCE,I AM NUMBER FOUR,31
3139,JAMESON BREWER,Q375397,JASON BEHR,THE ADVENTURES OF THE LITTLE PRINCE,THE SHIPPING NEWS,46
3139,JAMESON BREWER,Q6182461,JEROEN BEKER,THE ADVENTURES OF THE LITTLE PRINCE,TEMMINK: THE ULTIMATE FIGHT,43
3139,JAMESON BREWER,Q4078027,KAREN BARBER,THE ADVENTURES OF THE LITTLE PRINCE,THE ADVENTURES OF SEBASTIAN COLE,69
3139,JAMESON BREWER,Q94742880,GREG JACKSON,THE ADVENTURES OF THE LITTLE PRINCE,10 THINGS I HATE ABOUT YOU,36
3139,JAMESON BREWER,Q11727389,JOANNA BORER,THE ADVENTURES OF THE LITTLE PRINCE,THE DEBT,33
3139,JAMESON BREWER,Q5586189,JIM BREUER,THE ADVENTURES OF THE LITTLE PRINCE,DICK,15
3139,JAMESON BREWER,Q7521442,SIMON BRAUER,THE ADVENTURES OF THE LITTLE PRINCE,"RATAS, RATONES, RATEROS",39
3139,JAMESON BREWER,Q4864880,BARRY WATSON,THE ADVENTURES OF THE LITTLE PRINCE,CHUCK E. CHEESE IN THE GALAXY 5000,38
3139,JAMESON BREWER,Q236946,PAGET BREWSTER,THE ADVENTURES OF THE LITTLE PRINCE,THE ADVENTURES OF ROCKY AND BULLWINKLE,68
3139,JAMESON BREWER,Q6153742,JANEZ BURGER,THE ADVENTURES OF THE LITTLE PRINCE,ON THE SUNNY SIDE OF THE ALPS,50
3139,JAMESON BREWER,Q597886,JOHN BRENNER,THE ADVENTURES OF THE LITTLE PRINCE,MAYBE BABY,13
3139,JAMESON BREWER,Q6135723,JAMES HAWES,THE ADVENTURES OF THE LITTLE PRINCE,RANCID ALUMINIUM,27
3139,JAMESON BREWER,Q723252,CRAIG BREWER,THE ADVENTURES OF THE LITTLE PRINCE,KATY PERRY: PART OF ME,46
3139,JAMESON BREWER,Q1681609,JAN BERGER,THE ADVENTURES OF THE LITTLE PRINCE,WE ARE THE NIGHT,47
3139,JAMESON BREWER,Q6129692,JAMES BENTLEY,THE ADVENTURES OF THE LITTLE PRINCE,THE OTHERS,36
3139,JAMESON BREWER,Q2023638,GENE BREWER,THE ADVENTURES OF THE LITTLE PRINCE,K-PAX,10
3139,JAMESON BREWER,Q2468522,ANDREW JACOBSON,THE ADVENTURES OF THE LITTLE PRINCE,NOT ANOTHER TEEN MOVIE,46
3139,JAMESON BREWER,Q24302472,JAMES GILBERT,THE ADVENTURES OF THE LITTLE PRINCE,ALI,16
3139,JAMESON BREWER,Q63829376,JAMES CROWLEY,THE ADVENTURES OF THE LITTLE PRINCE,THE JOURNEYMAN,33
3139,JAMESON BREWER,Q6132103,JAMES D. BRUBAKER,THE ADVENTURES OF THE LITTLE PRINCE,A FONDER HEART,37
3139,JAMESON BREWER,Q106764997,DIANNE JAMIESON,THE ADVENTURES OF THE LITTLE PRINCE,THE MAGDALENE SISTERS,50
3139,JAMESON BREWER,Q201259,JOHN BERG,THE ADVENTURES OF THE LITTLE PRINCE,STAR TREK: NEMESIS,35
3139,JAMESON BREWER,Q6147304,JAMIE O'BRIEN,THE ADVENTURES OF THE LITTLE PRINCE,BLUE CRUSH,22
3139,JAMESON BREWER,Q6162523,JASON FREDERICK,THE ADVENTURES OF THE LITTLE PRINCE,TERROR TOONS 2: THE SICK AND SILLY SHOW,41
3139,JAMESON BREWER,Q6162472,JASON FALLER,THE ADVENTURES OF THE LITTLE PRINCE,MYTHICA: THE DARKSPORE,46
3139,JAMESON BREWER,Q5307209,DREW JOHNSON,THE ADVENTURES OF THE LITTLE PRINCE,THE ROAD HOME,29
3139,JAMESON BREWER,Q3162937,JASON GOLDBERG,THE ADVENTURES OF THE LITTLE PRINCE,THE BUTTERFLY EFFECT,44
3139,JAMESON BREWER,Q29328,BRIE LARSON,THE ADVENTURES OF THE LITTLE PRINCE,SHANG-CHI AND THE LEGEND OF THE TEN RINGS,58
3139,JAMESON BREWER,Q392370,JON HEDER,THE ADVENTURES OF THE LITTLE PRINCE,THE TIGER HUNTER,43
3139,JAMESON BREWER,Q2551069,JASON CROPPER,THE ADVENTURES OF THE LITTLE PRINCE,WEEZER - VIDEO CAPTURE DEVICE: TREASURES FROM THE VAULT 1991-2002,37
3139,JAMESON BREWER,Q3308059,MIKE BREWSTER,THE ADVENTURES OF THE LITTLE PRINCE,FIVE CHILDREN AND IT,44
3139,JAMESON BREWER,Q106283254,SEAN FREWER,THE ADVENTURES OF THE LITTLE PRINCE,MAX STEEL: ENDANGERED SPECIES,41
3139,JAMESON BREWER,Q1517351,JAMES E. ROGAN,THE ADVENTURES OF THE LITTLE PRINCE,THE OPEN DOORS,45
3139,JAMESON BREWER,Q16734931,MEHER RAMESH,THE ADVENTURES OF THE LITTLE PRINCE,VEERA KANNADIGA,24
3139,JAMESON BREWER,Q23719031,JO BERENGER,THE ADVENTURES OF THE LITTLE PRINCE,ONE OF MANY,35
3139,JAMESON BREWER,Q213856,JASON EARLES,THE ADVENTURES OF THE LITTLE PRINCE,AMERICAN PIE PRESENTS: BAND CAMP,36
3139,JAMESON BREWER,Q16731844,JEFFERSON BROWN,THE ADVENTURES OF THE LITTLE PRINCE,ORDINARY DAYS,29
3139,JAMESON BREWER,Q106375932,JAMES HUNTER,THE ADVENTURES OF THE LITTLE PRINCE,BACK IN THE DAY,36
3139,JAMESON BREWER,Q16213953,JAMES FISHER,THE ADVENTURES OF THE LITTLE PRINCE,GREEN STREET,34
3139,JAMESON BREWER,Q6129688,JAMES BENSON,THE ADVENTURES OF THE LITTLE PRINCE,BLACK SKY: THE RACE FOR SPACE,41
3139,JAMESON BREWER,Q6130125,JAMES BRADLEY,THE ADVENTURES OF THE LITTLE PRINCE,FLAGS OF OUR FATHERS,40
3139,JAMESON BREWER,Q448319,JASON BUTLER HARNER,THE ADVENTURES OF THE LITTLE PRINCE,THE TAKING OF PELHAM 123,41
3139,JAMESON BREWER,Q3162901,JASON BRANDT,THE ADVENTURES OF THE LITTLE PRINCE,NIGHT OF THE LIVING DEAD 3D,45
3139,JAMESON BREWER,Q6162357,JASON DELINE,THE ADVENTURES OF THE LITTLE PRINCE,THE PATH TO 9/11,35
3139,JAMESON BREWER,Q21505941,JAMES BARNES,THE ADVENTURES OF THE LITTLE PRINCE,THE GUARDIAN,34
3139,JAMESON BREWER,Q53954433,JAKOB BIEBER,THE ADVENTURES OF THE LITTLE PRINCE,A COFFEE IN BERLIN,42
3139,JAMESON BREWER,Q6162450,JASON ENSLER,THE ADVENTURES OF THE LITTLE PRINCE,GRILLED,19
3139,JAMESON BREWER,Q16466867,JASON BOURQUE,THE ADVENTURES OF THE LITTLE PRINCE,THE ART OF WAR II: BETRAYAL,46
3139,JAMESON BREWER,Q6130140,JAMES BRADSHAW,THE ADVENTURES OF THE LITTLE PRINCE,BRIDESHEAD REVISITED,33
3139,JAMESON BREWER,Q20981373,JOHN BARKER,THE ADVENTURES OF THE LITTLE PRINCE,SPUD 3: LEARNING TO FLY,35
3139,JAMESON BREWER,Q6128468,JAMES ALBERT,THE ADVENTURES OF THE LITTLE PRINCE,VENICILE VYAPARI,39
3139,JAMESON BREWER,Q6135721,JAMES HAWES,THE ADVENTURES OF THE LITTLE PRINCE,THE CHATTERLEY AFFAIR,43
3139,JAMESON BREWER,Q6162458,JASON EURINGER,THE ADVENTURES OF THE LITTLE PRINCE,ESCARPMENT BLUES,31
3139,JAMESON BREWER,Q1883333,JAMES GREGORY,THE ADVENTURES OF THE LITTLE PRINCE,GOODBYE BAFANA,20
3139,JAMESON BREWER,Q37266281,JAMES CLARKE,THE ADVENTURES OF THE LITTLE PRINCE,SON OF RAMBOW,21
3139,JAMESON BREWER,Q3160984,JAMES CLARKE,THE ADVENTURES OF THE LITTLE PRINCE,SON OF RAMBOW,21
3139,JAMESON BREWER,Q6127988,JAMES & ERNIE,THE ADVENTURES OF THE LITTLE PRINCE,PETE & CLEO,36
3139,JAMESON BREWER,Q6514486,LEE MASON,THE ADVENTURES OF THE LITTLE PRINCE,THE INDEPENDENT,40
3139,JAMESON BREWER,Q332641,JAMES DEEN,THE ADVENTURES OF THE LITTLE PRINCE,REVENGE OF THE PETITES,46
3139,JAMESON BREWER,Q16195902,JAMES BETHEA,THE ADVENTURES OF THE LITTLE PRINCE,IRON MAN 2,22
3139,JAMESON BREWER,Q235053,BREE OLSON,THE ADVENTURES OF THE LITTLE PRINCE,CAROLINA JONES AND THE BROKEN COVENANT,44
3139,JAMESON BREWER,Q23815287,JASON HUNTER,THE ADVENTURES OF THE LITTLE PRINCE,THE INCREDIBLE HULK,44
3139,JAMESON BREWER,Q23805596,JASON BURKE,THE ADVENTURES OF THE LITTLE PRINCE,THE INCREDIBLE HULK,44
3139,JAMESON BREWER,Q63686522,DENSON BAKER,THE ADVENTURES OF THE LITTLE PRINCE,THE BLACK BALLOON,38
3139,JAMESON BREWER,Q6129432,JAMES BARTHOLET,THE ADVENTURES OF THE LITTLE PRINCE,THIS AIN'T GLEE XXX,41
3139,JAMESON BREWER,Q525005,JASON COOPER,THE ADVENTURES OF THE LITTLE PRINCE,FROM WITHIN,26
3139,JAMESON BREWER,Q16198087,JAMES EDWARD BARKER,THE ADVENTURES OF THE LITTLE PRINCE,ADVENTURES OF THE PENGUIN KING,71
3139,JAMESON BREWER,Q5571781,SIMON J. BERGER,THE ADVENTURES OF THE LITTLE PRINCE,MARGRETE: QUEEN OF THE NORTH,52
3139,JAMESON BREWER,Q355024,JAMIE BAMBER,THE ADVENTURES OF THE LITTLE PRINCE,PULSE 2: AFTERLIFE,35
3139,JAMESON BREWER,Q6162285,JASON CREWES,THE ADVENTURES OF THE LITTLE PRINCE,THE PLEX,28
3139,JAMESON BREWER,Q5354300,ELEANOR JAMES,THE ADVENTURES OF THE LITTLE PRINCE,FOREST OF THE DAMNED 2,46
3139,JAMESON BREWER,Q6131168,JAMES CAWLEY,THE ADVENTURES OF THE LITTLE PRINCE,STAR TREK,27
3139,JAMESON BREWER,Q6134606,JAMES GILBERT,THE ADVENTURES OF THE LITTLE PRINCE,THE CRY OF THE OWL,49
3139,JAMESON BREWER,Q6162526,JASON FRENCH,THE ADVENTURES OF THE LITTLE PRINCE,THE PERFECT GAME,43
3139,JAMESON BREWER,Q80784265,CHARLENE JAMES,THE ADVENTURES OF THE LITTLE PRINCE,HELEN,20
3139,JAMESON BREWER,Q4964190,BRIAN JAMIESON,THE ADVENTURES OF THE LITTLE PRINCE,TO WHOM IT MAY CONCERN: KA SHEN'S JOURNEY,43
3139,JAMESON BREWER,Q64362102,JAMES LANDRY HEBERT,THE ADVENTURES OF THE LITTLE PRINCE,THE EXPENDABLES,32
3139,JAMESON BREWER,Q92945,BREWSTER KAHLE,THE ADVENTURES OF THE LITTLE PRINCE,"TRUTH IN NUMBERS? EVERYTHING, ACCORDING TO WIKIPEDIA",40
3139,JAMESON BREWER,Q6134940,JAMES GREER,THE ADVENTURES OF THE LITTLE PRINCE,THE SPY NEXT DOOR,38
3139,JAMESON BREWER,Q6162038,JASON BERRY,THE ADVENTURES OF THE LITTLE PRINCE,CHASING LEGENDS,28
3139,JAMESON BREWER,Q3751007,GABRIEL JACKSON,THE ADVENTURES OF THE LITTLE PRINCE,Q96627300,0
3139,JAMESON BREWER,Q16198328,JASON EISENER,THE ADVENTURES OF THE LITTLE PRINCE,TRAILER PARK BOYS: LIVE AT THE NORTH POLE,53
3139,JAMESON BREWER,Q218293,JAMES BIBERI,THE ADVENTURES OF THE LITTLE PRINCE,DRIVE,20
3139,JAMESON BREWER,Q6129488,JAMES BAXTER,THE ADVENTURES OF THE LITTLE PRINCE,IF A TREE FALLS,40
3139,JAMESON BREWER,Q1643881,JASON BYRNE,THE ADVENTURES OF THE LITTLE PRINCE,KILLING BONO,26
3139,JAMESON BREWER,Q6162704,JASON HEWITT,THE ADVENTURES OF THE LITTLE PRINCE,BLOOD OUT,18
3139,JAMESON BREWER,Q7490038,SHARON DUNCAN-BREWSTER,THE ADVENTURES OF THE LITTLE PRINCE,ROGUE ONE,23
3139,JAMESON BREWER,Q957348,JAMES DEVEREUX,THE ADVENTURES OF THE LITTLE PRINCE,CLOSURE OF CATHARSIS,36
3139,JAMESON BREWER,Q6162136,JASON BURKEY,THE ADVENTURES OF THE LITTLE PRINCE,THE 10 COMMANDMENTS OF CHLOE,41
3139,JAMESON BREWER,Q4935181,BOBBY JAMESON,THE ADVENTURES OF THE LITTLE PRINCE,TAKE THIS LOLLIPOP,38
3139,JAMESON BREWER,Q4864350,BARRY JAMES,THE ADVENTURES OF THE LITTLE PRINCE,THE PHANTOM OF THE OPERA AT THE ROYAL ALBERT HALL,52
3139,JAMESON BREWER,Q42432553,DAMON BERRY,THE ADVENTURES OF THE LITTLE PRINCE,WINNIE MANDELA,33
3139,JAMESON BREWER,Q6223044,JOHN BREGAR,THE ADVENTURES OF THE LITTLE PRINCE,THE ENTITLED,47
3139,JAMESON BREWER,Q6129602,JAMES BELFER,THE ADVENTURES OF THE LITTLE PRINCE,PRINCE AVALANCHE,43
3139,JAMESON BREWER,Q16201714,BRAD JAMES,THE ADVENTURES OF THE LITTLE PRINCE,PARENTAL GUIDANCE,31
3139,JAMESON BREWER,Q1815810,JAYSON BLAIR,THE ADVENTURES OF THE LITTLE PRINCE,DETENTION OF THE DEAD,46
3139,JAMESON BREWER,Q362224,BRADLEY JAMES,THE ADVENTURES OF THE LITTLE PRINCE,FAST GIRLS,22
3139,JAMESON BREWER,Q314245,JASON BECKER,THE ADVENTURES OF THE LITTLE PRINCE,JASON BECKER: NOT DEAD YET,37
3139,JAMESON BREWER,Q3158394,JACQUES BREDAEL,THE ADVENTURES OF THE LITTLE PRINCE,Q16636972,0
3139,JAMESON BREWER,Q15058295,JOSH BRENER,THE ADVENTURES OF THE LITTLE PRINCE,THE BELKO EXPERIMENT,47
3139,JAMESON BREWER,Q6208785,JOE BREWSTER,THE ADVENTURES OF THE LITTLE PRINCE,AMERICAN PROMISE,35
3139,JAMESON BREWER,Q96248169,JASON BURKART,THE ADVENTURES OF THE LITTLE PRINCE,FINDING MR. RIGHT,31
3139,JAMESON BREWER,Q21997579,LAWRIE BREWSTER,THE ADVENTURES OF THE LITTLE PRINCE,THE UNKINDNESS OF RAVENS,41
3139,JAMESON BREWER,Q19754292,MEERA MENON,THE ADVENTURES OF THE LITTLE PRINCE,FARAH GOES BANG,32
3139,JAMESON BREWER,Q18921475,JON BREWER,THE ADVENTURES OF THE LITTLE PRINCE,B.B. KING: THE LIFE OF RILEY,52
3139,JAMESON BREWER,Q64859588,JASON G. BUTLER,THE ADVENTURES OF THE LITTLE PRINCE,LOVE IN THE SIXTH,46
3139,JAMESON BREWER,Q24809513,ANDREW MASON,THE ADVENTURES OF THE LITTLE PRINCE,THE WATER DIVINER,46
3139,JAMESON BREWER,Q18529850,JAMES DORMER,THE ADVENTURES OF THE LITTLE PRINCE,OUTCAST,19
3139,JAMESON BREWER,Q3208206,JAYSON BLAIR,THE ADVENTURES OF THE LITTLE PRINCE,UNFORGETTABLE,29
3139,JAMESON BREWER,Q1684904,JEAN-JACQUES BECKER,THE ADVENTURES OF THE LITTLE PRINCE,QUI A TUE JAURES ?,39
3139,JAMESON BREWER,Q4755135,ANDREA JAMES,THE ADVENTURES OF THE LITTLE PRINCE,ALEC MAPA: BABY DADDY,22
3139,JAMESON BREWER,Q3129637,JAMES BIDDLE,THE ADVENTURES OF THE LITTLE PRINCE,MAN UP,20
3139,JAMESON BREWER,Q443395,JASON EVERMAN,THE ADVENTURES OF THE LITTLE PRINCE,KURT COBAIN: MONTAGE OF HECK,35
3139,JAMESON BREWER,Q84265607,JAN DRESSLER,THE ADVENTURES OF THE LITTLE PRINCE,VICTORIA,28
3139,JAMESON BREWER,Q6162094,JASON BRENNAN,THE ADVENTURES OF THE LITTLE PRINCE,LE DEP,24
3139,JAMESON BREWER,Q6129799,JAMES BIRD,THE ADVENTURES OF THE LITTLE PRINCE,HONEYGLUE,18
3139,JAMESON BREWER,Q2267681,BREE WILLIAMSON,THE ADVENTURES OF THE LITTLE PRINCE,A MOTHER BETRAYED,38
3139,JAMESON BREWER,Q65115925,JASON ARBOUR,THE ADVENTURES OF THE LITTLE PRINCE,RAVAGES,19
3139,JAMESON BREWER,Q2130259,RAMON KRAMER,THE ADVENTURES OF THE LITTLE PRINCE,DIRTY GAMES,26
3139,JAMESON BREWER,Q24718758,EDWIN SAMUELSON,THE ADVENTURES OF THE LITTLE PRINCE,FALL BREAK: THE MAKING OF 'THE MUTILATOR',49
3139,JAMESON BREWER,Q26911500,MELIS BIRDER,THE ADVENTURES OF THE LITTLE PRINCE,BAGLAR,15
3139,JAMESON BREWER,Q27050826,JAMES FORSHER,THE ADVENTURES OF THE LITTLE PRINCE,RODDENBERRY'S TREK,34
3139,JAMESON BREWER,Q26831579,BEN DAMON,THE ADVENTURES OF THE LITTLE PRINCE,LE CHAMPION,26
3139,JAMESON BREWER,Q26828663,JASON BAUMGARDNER,THE ADVENTURES OF THE LITTLE PRINCE,PERFECT LINEUP,33
3139,JAMESON BREWER,Q26828708,DAMON BARNES,THE ADVENTURES OF THE LITTLE PRINCE,THE SHOW MUST GO ON,44
3139,JAMESON BREWER,Q60735817,JAMES HIBBERD,THE ADVENTURES OF THE LITTLE PRINCE,TELL ME HOW I DIE,46
3139,JAMESON BREWER,Q237552,JADE EWEN,THE ADVENTURES OF THE LITTLE PRINCE,END OF A GUN,30
3139,JAMESON BREWER,Q59779542,JASON CABELL,THE ADVENTURES OF THE LITTLE PRINCE,RUNNING WITH THE DEVIL,53
3139,JAMESON BREWER,Q56253302,JASON GREENE,THE ADVENTURES OF THE LITTLE PRINCE,CALL YOUR FATHER,35
3139,JAMESON BREWER,Q19417,JAMES EURINGER,THE ADVENTURES OF THE LITTLE PRINCE,GUARDIANS OF THE GALAXY VOL. 2,38
3139,JAMESON BREWER,Q20974091,JAMES BLOOR,THE ADVENTURES OF THE LITTLE PRINCE,THE PAGAN KING,33
3139,JAMESON BREWER,Q28924936,JASON DRUCKER,THE ADVENTURES OF THE LITTLE PRINCE,DIARY OF A WIMPY KID: THE LONG HAUL,43
3139,JAMESON BREWER,Q28824027,JAN BETKE,THE ADVENTURES OF THE LITTLE PRINCE,LIFE SAARABA ILLEGAL,25
3139,JAMESON BREWER,Q3806469,JAMES BREWER,THE ADVENTURES OF THE LITTLE PRINCE,GOING VERTICAL,24
3139,JAMESON BREWER,Q2567189,JAMES FORBES,THE ADVENTURES OF THE LITTLE PRINCE,GOING VERTICAL,24
3139,JAMESON BREWER,Q50093821,JAMES ANDREW O'CONNOR,THE ADVENTURES OF THE LITTLE PRINCE,THE GREATEST SHOWMAN,44
3139,JAMESON BREWER,Q96745521,BRUCE DAWSON,THE ADVENTURES OF THE LITTLE PRINCE,A BRAMBLE HOUSE CHRISTMAS,37
3139,JAMESON BREWER,Q59896,E. L. JAMES,THE ADVENTURES OF THE LITTLE PRINCE,FIFTY SHADES FREED,38
3139,JAMESON BREWER,Q17385680,MADELINE BREWER,THE ADVENTURES OF THE LITTLE PRINCE,HUSTLERS,28
3139,JAMESON BREWER,Q51816353,BRIGITTE JANSON,THE ADVENTURES OF THE LITTLE PRINCE,LA BOLDUC,18
3139,JAMESON BREWER,Q60439382,JUAN BARRERO,THE ADVENTURES OF THE LITTLE PRINCE,APUNTES PARA UNA PELICULA DE ATRACOS,39
3139,JAMESON BREWER,Q106622491,LAUREN GREER,THE ADVENTURES OF THE LITTLE PRINCE,THE MIRACLE OF CHRISTMAS,44
3139,JAMESON BREWER,Q21620889,JAMESON BLAKE,THE ADVENTURES OF THE LITTLE PRINCE,THE GIRL ALLERGIC TO WIFI,43
3139,JAMESON BREWER,Q61993788,JASON BARRETT,THE ADVENTURES OF THE LITTLE PRINCE,"EXTREMELY WICKED, SHOCKINGLY EVIL AND VILE",42
3139,JAMESON BREWER,Q70692384,JAMES DONAHOWER,THE ADVENTURES OF THE LITTLE PRINCE,THE GOLDFINCH,42
3139,JAMESON BREWER,Q55312656,JASON F. BROWN,THE ADVENTURES OF THE LITTLE PRINCE,SCARY STORIES TO TELL IN THE DARK,47
3139,JAMESON BREWER,Q7945367,W. BRUCE CAMERON,THE ADVENTURES OF THE LITTLE PRINCE,A DOG'S JOURNEY,32
3139,JAMESON BREWER,Q243639,JASON DERULO,THE ADVENTURES OF THE LITTLE PRINCE,CATS,15
3139,JAMESON BREWER,Q6162757,JASON ISBELL,THE ADVENTURES OF THE LITTLE PRINCE,ADOPT A HIGHWAY,28
3139,JAMESON BREWER,Q3160941,JAMES BIRD,THE ADVENTURES OF THE LITTLE PRINCE,WE ARE BOATS,34
3139,JAMESON BREWER,Q91436225,JOAN BORDERA,THE ADVENTURES OF THE LITTLE PRINCE,MAKE A WISH,26
3139,JAMESON BREWER,Q54575433,JAKE BRUNGER,THE ADVENTURES OF THE LITTLE PRINCE,LOVE SARAH,22
3139,JAMESON BREWER,Q98753943,JASON CERDA,THE ADVENTURES OF THE LITTLE PRINCE,MEN AT WORK: MIAMI,31
3139,JAMESON BREWER,Q54572610,JAMES HARRIS,THE ADVENTURES OF THE LITTLE PRINCE,WRONG TURN,27
