acmi_id,acmi_name,wikidata_id,wikidata_name,acmi_title,wikidata_title,match
15978,CANBERRA TELEVISION (CTC),Q4710893,ALBERT NELSON,IS THE GOVERNOR NECESSARY?,THE MAN WHO FELL TO EARTH,36
