acmi_id,acmi_name,wikidata_id,wikidata_name,acmi_title,wikidata_title,match
16426,HENRI GRUEL,Q457864,FRIZ FRELENG,LA LUTTE CONTRE LE FROID,LOONEY TUNES GOLDEN COLLECTION: VOLUME 1,44
16426,HENRI GRUEL,Q2524503,PAUL SHENAR,LA LUTTE CONTRE LE FROID,THE BIG BLUE,39
16426,HENRI GRUEL,Q2561834,WERNER KRUSE,LA LUTTE CONTRE LE FROID,THE 42ND HEAVEN,41
16426,HENRI GRUEL,Q106644918,EMIL HERADI,LA LUTTE CONTRE LE FROID,KITA VERSUS KORUPSI,33
16426,HENRI GRUEL,Q1597348,HEINRICH GISKES,LA LUTTE CONTRE LE FROID,AGENT RANJID RETTET DIE WELT,46
16426,HENRI GRUEL,Q1355395,GREGG HENRY,LA LUTTE CONTRE LE FROID,THE LAST OF PHILIP BANTER,49
16426,HENRI GRUEL,Q525180,HEINER GOEBBELS,LA LUTTE CONTRE LE FROID,JOURNEY INTO A SECRET LIFE,36
16426,HENRI GRUEL,Q105724846,LEONOR AREAL,LA LUTTE CONTRE LE FROID,FORA DA LEI,40
16426,HENRI GRUEL,Q764205,HENRI HELMAN,LA LUTTE CONTRE LE FROID,WHERE IS PARSIFAL?,34
16426,HENRI GRUEL,Q1352140,ERICH ENGELS,LA LUTTE CONTRE LE FROID,FRIDAY THE THIRTEENTH,49
16426,HENRI GRUEL,Q95210453,GABRIELE HEBERLING,LA LUTTE CONTRE LE FROID,Q106720078,0
16426,HENRI GRUEL,Q109971560,LENA GARREL,LA LUTTE CONTRE LE FROID,LA LUNE CREVEE,53
16426,HENRI GRUEL,Q388991,SERIF GOREN,LA LUTTE CONTRE LE FROID,ALMANYA ACI VATAN,34
16426,HENRI GRUEL,Q5715373,HENRI CHARR,LA LUTTE CONTRE LE FROID,LITTLE HEROES,49
16426,HENRI GRUEL,Q5807272,ENRIQUE ARCE,LA LUTTE CONTRE LE FROID,ONE OF THE HOLLYWOOD TEN,42
16426,HENRI GRUEL,Q543498,BRUCE COHEN,LA LUTTE CONTRE LE FROID,REBEL IN THE RYE,45
16426,HENRI GRUEL,Q7710637,HENRY HAGERUP,LA LUTTE CONTRE LE FROID,FISKERLIVETS FARER,38
16426,HENRI GRUEL,Q3130559,HENRI ANDREANI,LA LUTTE CONTRE LE FROID,THE FIVE CENTS OF LAVAREDE,52
16426,HENRI GRUEL,Q21914074,HENRI GOUGET,LA LUTTE CONTRE LE FROID,THE GREAT MINE DISASTER,43
16426,HENRI GRUEL,Q3113003,GRACE HENDERSON,LA LUTTE CONTRE LE FROID,IN THE BISHOP'S CARRIAGE,38
16426,HENRI GRUEL,Q12300193,AAGE HENVIG,LA LUTTE CONTRE LE FROID,THE SECRET OF THE OLD CABINET,49
16426,HENRI GRUEL,Q7273686,R. HENRY GREY,LA LUTTE CONTRE LE FROID,THROUGH THE NEIGHBOR'S WINDOW,30
16426,HENRI GRUEL,Q3131201,HENRI GOIDSEN,LA LUTTE CONTRE LE FROID,A TRAGEDY IN THE CLOUDS,38
16426,HENRI GRUEL,Q97411,HENRIK GALEEN,LA LUTTE CONTRE LE FROID,THE STUDENT OF PRAGUE,44
16426,HENRI GRUEL,Q1597443,HEINRICH GARTNER,LA LUTTE CONTRE LE FROID,THE ROAD TO DISHONOUR,49
16426,HENRI GRUEL,Q713011,HENRI BERNSTEIN,LA LUTTE CONTRE LE FROID,SHACKLES OF GOLD,35
16426,HENRI GRUEL,Q3130636,HENRI BAUDIN,LA LUTTE CONTRE LE FROID,THE THREE MUSKETEERS,36
16426,HENRI GRUEL,Q33436811,HENRI BERENY,LA LUTTE CONTRE LE FROID,Q20494796,0
16426,HENRI GRUEL,Q3128564,GEORGE HENRY,LA LUTTE CONTRE LE FROID,AMERICAN MAID,27
16426,HENRI GRUEL,Q544869,LEONCE-HENRI BUREL,LA LUTTE CONTRE LE FROID,"MORGANE, THE ENCHANTRESS",51
16426,HENRI GRUEL,Q38052671,EMIL HENRIKS,LA LUTTE CONTRE LE FROID,Q20756437,0
16426,HENRI GRUEL,Q17489947,HELEN GREENE,LA LUTTE CONTRE LE FROID,THE INVISIBLE BOND,43
16426,HENRI GRUEL,Q3132793,HENRY GAULTIER,LA LUTTE CONTRE LE FROID,DEVIL IN THE FLESH,43
16426,HENRI GRUEL,Q3130926,HENRI DEBAIN,LA LUTTE CONTRE LE FROID,THE COUNT OF MONTE CRISTO,49
16426,HENRI GRUEL,Q70959,ERIK CHARELL,LA LUTTE CONTRE LE FROID,THE WHITE HORSE INN,47
16426,HENRI GRUEL,Q63816,HEINRICH GEORGE,LA LUTTE CONTRE LE FROID,THE CONVICT FROM ISTANBUL,57
16426,HENRI GRUEL,Q4574094,HENRIK BORSETH,LA LUTTE CONTRE LE FROID,JOMFRU TROFAST,37
16426,HENRI GRUEL,Q95771224,HERBERT GRUBE,LA LUTTE CONTRE LE FROID,Q106716524,0
16426,HENRI GRUEL,Q5518277,GALE HENRY,LA LUTTE CONTRE LE FROID,ALL WET,26
16426,HENRI GRUEL,Q86260,ERICH ENGEL,LA LUTTE CONTRE LE FROID,FIVE FROM THE JAZZ BAND,47
16426,HENRI GRUEL,Q19945028,HENRI DUVAL,LA LUTTE CONTRE LE FROID,FACES OF CHILDREN,39
16426,HENRI GRUEL,Q1457580,FRIEDL HAERLIN,LA LUTTE CONTRE LE FROID,QUEEN OF THE NIGHT,43
16426,HENRI GRUEL,Q679016,HENRI DECOIN,LA LUTTE CONTRE LE FROID,LE MASQUE DE FER,50
16426,HENRI GRUEL,Q18179121,HENRI BEAULIEU,LA LUTTE CONTRE LE FROID,THE NOVEL OF WERTHER,41
16426,HENRI GRUEL,Q118900,HEINRICH GRETLER,LA LUTTE CONTRE LE FROID,THE COUNTERFEITERS OF PARIS,51
16426,HENRI GRUEL,Q18404,HENRI BARBUSSE,LA LUTTE CONTRE LE FROID,THE GHOST THAT NEVER RETURNS,38
16426,HENRI GRUEL,Q3132795,HENRI GARAT,LA LUTTE CONTRE LE FROID,COUNSEL FOR ROMANCE,47
16426,HENRI GRUEL,Q3131068,HENRI FARTY,LA LUTTE CONTRE LE FROID,LE LIT A COLONNES,49
16426,HENRI GRUEL,Q371683,GRETL THEIMER,LA LUTTE CONTRE LE FROID,"VOYAGE TO ITALY, COMPLETE WITH LOVE",45
16426,HENRI GRUEL,Q3131243,HENRI GUISOL,LA LUTTE CONTRE LE FROID,LES FRUITS DE L'ETE,51
16426,HENRI GRUEL,Q3131065,HENRI FALK,LA LUTTE CONTRE LE FROID,THE IMPROVISED SON,38
16426,HENRI GRUEL,Q3130946,HENRI DELIVRY,LA LUTTE CONTRE LE FROID,LE LIT A COLONNES,49
16426,HENRI GRUEL,Q317463,HEINRICH GARTNER,LA LUTTE CONTRE LE FROID,LET'S LOVE AND LAUGH,50
16426,HENRI GRUEL,Q110733,HEINRICH FRAENKEL,LA LUTTE CONTRE LE FROID,THE SACRED FLAME,40
16426,HENRI GRUEL,Q1392751,HENRI DUVERNOIS,LA LUTTE CONTRE LE FROID,PARADE EN SEPT NUITS,36
16426,HENRI GRUEL,Q12017984,GABRIEL HART,LA LUTTE CONTRE LE FROID,FROM THE CZECH MILLS,55
16426,HENRI GRUEL,Q3130902,HENRI CREMIEUX,LA LUTTE CONTRE LE FROID,PEARLS OF THE CROWN,51
16426,HENRI GRUEL,Q15445205,HENRY FREULICH,LA LUTTE CONTRE LE FROID,IT CAME FROM BENEATH THE SEA,50
16426,HENRI GRUEL,Q3130817,HENRI CHARRETT,LA LUTTE CONTRE LE FROID,LA FILLE DU DIABLE,43
16426,HENRI GRUEL,Q3773514,GORELLA GORI,LA LUTTE CONTRE LE FROID,THE THREE-CORNERED HAT,57
16426,HENRI GRUEL,Q241000,HEINRICH BERTE,LA LUTTE CONTRE LE FROID,BLOSSOM TIME,28
16426,HENRI GRUEL,Q95859111,HENRI BARREYRE,LA LUTTE CONTRE LE FROID,LA TORRE DE LOS SIETE JOROBADOS,51
16426,HENRI GRUEL,Q750768,HENRY CORNELIUS,LA LUTTE CONTRE LE FROID,MEN ARE NOT GODS,45
16426,HENRI GRUEL,Q676562,HENRI CHRISTINE,LA LUTTE CONTRE LE FROID,DEDE,21
16426,HENRI GRUEL,Q1313039,ERWIN BIEGEL,LA LUTTE CONTRE LE FROID,THE ADVENTURES OF FRIDOLIN,56
16426,HENRI GRUEL,Q105796,HEINRICH GREIF,LA LUTTE CONTRE LE FROID,DER KAMPF,24
16426,HENRI GRUEL,Q1601655,HELA GRUEL,LA LUTTE CONTRE LE FROID,THE INN ON THE RIVER,45
16426,HENRI GRUEL,Q958139,HENRI ALEKAN,LA LUTTE CONTRE LE FROID,THE BATTLE OF THE RAILS,51
16426,HENRI GRUEL,Q3131386,HENRI LA BARTHE,LA LUTTE CONTRE LE FROID,Q3337556,0
16426,HENRI GRUEL,Q69578,GISELA UHLEN,LA LUTTE CONTRE LE FROID,EINE GROSSE LIEBE,44
16426,HENRI GRUEL,Q16153158,HENRY ARTHUR,LA LUTTE CONTRE LE FROID,ROAD DEMON,35
16426,HENRI GRUEL,Q528314,GUY HENRY,LA LUTTE CONTRE LE FROID,LA MOME VERT-DE-GRIS,50
16426,HENRI GRUEL,Q1597537,HEINRICH HAUSER,LA LUTTE CONTRE LE FROID,SILENCE IN THE FOREST,49
16426,HENRI GRUEL,Q3121468,GUY HENRI,LA LUTTE CONTRE LE FROID,LE CERCLE ROUGE,51
16426,HENRI GRUEL,Q3130572,HENRI ARIUS,LA LUTTE CONTRE LE FROID,THE COUNT OF MONTE CRISTO,49
16426,HENRI GRUEL,Q2062426,PAUL SHERIFF,LA LUTTE CONTRE LE FROID,THE CREATION OF THE HUMANOIDS,49
16426,HENRI GRUEL,Q3130745,HENRI BOURTAYRE,LA LUTTE CONTRE LE FROID,NOW WHERE DID THE 7TH COMPANY GET TO?,40
16426,HENRI GRUEL,Q3130993,HENRI DOUBLIER,LA LUTTE CONTRE LE FROID,IF PARIS WERE TOLD TO US,38
16426,HENRI GRUEL,Q3181648,JOHN GUEDEL,LA LUTTE CONTRE LE FROID,TORNADO,19
16426,HENRI GRUEL,Q86106,GRETL SCHORG,LA LUTTE CONTRE LE FROID,I'LL SEE YOU AT LAKE CONSTANCE,56
16426,HENRI GRUEL,Q3130893,HENRI COUTET,LA LUTTE CONTRE LE FROID,TETE FOLLE,53
16426,HENRI GRUEL,Q963856,HENRI GENES,LA LUTTE CONTRE LE FROID,LA FILLE DES COLLINES,53
16426,HENRI GRUEL,Q3130778,HENRI CALEF,LA LUTTE CONTRE LE FROID,THE ROYALISTS,38
16426,HENRI GRUEL,Q3107946,GIULIO NERI,LA LUTTE CONTRE LE FROID,RIGOLETTO,36
16426,HENRI GRUEL,Q5721856,HENRY GEEHL,LA LUTTE CONTRE LE FROID,THE MAGIC BOW,32
16426,HENRI GRUEL,Q707717,HENRY CORDEN,LA LUTTE CONTRE LE FROID,ABBOTT AND COSTELLO IN THE FOREIGN LEGION,46
16426,HENRI GRUEL,Q1605811,HENRI DECAE,LA LUTTE CONTRE LE FROID,LE CERCLE ROUGE,51
16426,HENRI GRUEL,Q318829,HENRI DUTILLEUX,LA LUTTE CONTRE LE FROID,UNDER THE SUN OF SATAN,39
16426,HENRI GRUEL,Q430942,HENRI COGAN,LA LUTTE CONTRE LE FROID,LA MOME VERT-DE-GRIS,50
16426,HENRI GRUEL,Q5571391,GLORIA HENRY,LA LUTTE CONTRE LE FROID,DOIN' TIME ON PLANET EARTH,49
16426,HENRI GRUEL,Q3130533,HENRI AISNER,LA LUTTE CONTRE LE FROID,LES COPAINS DU DIMANCHE,43
16426,HENRI GRUEL,Q509482,PER GRUNDEN,LA LUTTE CONTRE LE FROID,JONSSONLIGAN SPELAR HOGT,38
16426,HENRI GRUEL,Q3093777,GABRIEL HEATTER,LA LUTTE CONTRE LE FROID,THE DAY THE EARTH STOOD STILL,34
16426,HENRI GRUEL,Q1596226,HEINI GOBEL,LA LUTTE CONTRE LE FROID,THE BRIDGE,41
16426,HENRI GRUEL,Q3130888,HENRI COTE,LA LUTTE CONTRE LE FROID,THE PRESIDENT,43
16426,HENRI GRUEL,Q18710911,ANDRE HEINRICH,LA LUTTE CONTRE LE FROID,Q3518739,0
16426,HENRI GRUEL,Q945904,JEAN GIRAULT,LA LUTTE CONTRE LE FROID,FAITES SAUTER LA BANQUE!,51
16426,HENRI GRUEL,Q3130682,HENRI BETTI,LA LUTTE CONTRE LE FROID,HONORE DE MARSEILLE,47
16426,HENRI GRUEL,Q1608359,HERBERT GRUBER,LA LUTTE CONTRE LE FROID,THE SAINT AND HER FOOL,48
16426,HENRI GRUEL,Q66019,HEIDI BRUHL,LA LUTTE CONTRE LE FROID,THE COUNTRY SCHOOLMASTER,54
16426,HENRI GRUEL,Q1351999,ERICH BRAUER,LA LUTTE CONTRE LE FROID,KLK CALLING PTZ - THE RED ORCHESTRA,39
16426,HENRI GRUEL,Q1388059,HENRI CROLLA,LA LUTTE CONTRE LE FROID,LEON LA LUNE,50
16426,HENRI GRUEL,Q3131246,HENRI GUEGAN,LA LUTTE CONTRE LE FROID,LE BARON DE L'ECLUSE,50
16426,HENRI GRUEL,Q1606794,HENRY GRACE,LA LUTTE CONTRE LE FROID,THE GLASS BOTTOM BOAT,44
16426,HENRI GRUEL,Q9005152,HUBERT GREGG,LA LUTTE CONTRE LE FROID,THREE MEN IN A BOAT,42
16426,HENRI GRUEL,Q466434,HENRI GARCIN,LA LUTTE CONTRE LE FROID,LE GLAIVE ET LA BALANCE,47
16426,HENRI GRUEL,Q2448401,HERBERT GRUBER,LA LUTTE CONTRE LE FROID,THE WHITE HORSE INN,47
16426,HENRI GRUEL,Q118190,HEINRICH HAUSER,LA LUTTE CONTRE LE FROID,THE VULTURE WALLY,39
16426,HENRI GRUEL,Q2075304,PETER GRUBER,LA LUTTE CONTRE LE FROID,STERNBERG - SHOOTING STAR,34
16426,HENRI GRUEL,Q19985825,HEINRICH GIES,LA LUTTE CONTRE LE FROID,THE CAPTAIN FROM COLOGNE,46
16426,HENRI GRUEL,Q84211,HEINRICH HARRER,LA LUTTE CONTRE LE FROID,SEVEN YEARS IN TIBET,32
16426,HENRI GRUEL,Q116253,HENRI COLPI,LA LUTTE CONTRE LE FROID,"DETRUIRE, DIT-ELLE",44
16426,HENRI GRUEL,Q3132684,HENRY CECIL,LA LUTTE CONTRE LE FROID,BROTHERS IN LAW,41
16426,HENRI GRUEL,Q3130587,HENRI ATTAL,LA LUTTE CONTRE LE FROID,THE CRY OF THE OWL,52
16426,HENRI GRUEL,Q3093754,GABRIEL GERMAIN,LA LUTTE CONTRE LE FROID,Q18332015,0
16426,HENRI GRUEL,Q3181555,JOHN GABRIEL,LA LUTTE CONTRE LE FROID,THE CURSE OF THE WEREWOLF,41
16426,HENRI GRUEL,Q1059668,JEAN GRUAULT,LA LUTTE CONTRE LE FROID,THE MARRIAGE BOAT,49
16426,HENRI GRUEL,Q6234653,JOHN GABRIEL,LA LUTTE CONTRE LE FROID,SEX AND THE COLLEGE GIRL,46
16426,HENRI GRUEL,Q471479,KAREL REINER,LA LUTTE CONTRE LE FROID,Q44916819,0
16426,HENRI GRUEL,Q753767,MARIKA GREEN,LA LUTTE CONTRE LE FROID,RIDER ON THE RAIN,54
16426,HENRI GRUEL,Q1560616,GUNTER HORIG,LA LUTTE CONTRE LE FROID,THE GOODIES,40
16426,HENRI GRUEL,Q6033203,INGRID GOUDE,LA LUTTE CONTRE LE FROID,THE KILLER SHREWS,34
16426,HENRI GRUEL,Q3130900,HENRI CROUZAT,LA LUTTE CONTRE LE FROID,TEMPTATION,24
16426,HENRI GRUEL,Q1596663,HEINRICH BAUER,LA LUTTE CONTRE LE FROID,HERR PUNTILA AND HIS SERVANT MATTI,34
16426,HENRI GRUEL,Q96380760,HENRY GARSON,LA LUTTE CONTRE LE FROID,VISIT TO A SMALL PLANET,34
16426,HENRI GRUEL,Q1569251,HENRY GLOVER,LA LUTTE CONTRE LE FROID,"HEY, LET'S TWIST!",36
16426,HENRI GRUEL,Q2144658,RENE GROEBLI,LA LUTTE CONTRE LE FROID,CHIKITA,19
16426,HENRI GRUEL,Q3132775,HENRY FARRELL,LA LUTTE CONTRE LE FROID,WHAT'S THE MATTER WITH HELEN?,38
16426,HENRI GRUEL,Q3131228,HENRI GRUEL,LA LUTTE CONTRE LE FROID,Q3226593,0
16426,HENRI GRUEL,Q715147,GYULA HERNADI,LA LUTTE CONTRE LE FROID,THE CONFRONTATION,49
16426,HENRI GRUEL,Q33436623,HENRY GEDDES,LA LUTTE CONTRE LE FROID,SOUTH OF TANA RIVER,42
16426,HENRI GRUEL,Q47502332,HENRIK HEGER,LA LUTTE CONTRE LE FROID,Q73989256,0
16426,HENRI GRUEL,Q982992,MIGUEL RIOS,LA LUTTE CONTRE LE FROID,Q5808930,0
16426,HENRI GRUEL,Q109407,GEORG HERZIG,LA LUTTE CONTRE LE FROID,OKLAHOMA JOHN,32
16426,HENRI GRUEL,Q113570,HERB GARDNER,LA LUTTE CONTRE LE FROID,THE GOODBYE PEOPLE,43
16426,HENRI GRUEL,Q3131219,HENRI GRAZIANI,LA LUTTE CONTRE LE FROID,Q16654414,0
16426,HENRI GRUEL,Q3130827,HENRI CHEMIN,LA LUTTE CONTRE LE FROID,A MAN AND A WOMAN,24
16426,HENRI GRUEL,Q47074480,HENRI BAUM,LA LUTTE CONTRE LE FROID,THE DIABOLICAL DR. Z,33
16426,HENRI GRUEL,Q5721178,HENRY FELSEN,LA LUTTE CONTRE LE FROID,FEVER HEAT,29
16426,HENRI GRUEL,Q113736,ILONA GRUBEL,LA LUTTE CONTRE LE FROID,TARGET,27
16426,HENRI GRUEL,Q3131040,HENRI DEUS,LA LUTTE CONTRE LE FROID,DON'T CRY MY LOVE,44
16426,HENRI GRUEL,Q3131019,HENRI DUPARC,LA LUTTE CONTRE LE FROID,DANCING IN THE DUST,37
16426,HENRI GRUEL,Q349346,GEORGE SHEARING,LA LUTTE CONTRE LE FROID,80 STEPS TO JONAH,34
16426,HENRI GRUEL,Q3131193,HENRI GLAESER,LA LUTTE CONTRE LE FROID,Q30742627,0
16426,HENRI GRUEL,Q5617883,GULSHAN RAI,LA LUTTE CONTRE LE FROID,GUPT: THE HIDDEN TRUTH,40
16426,HENRI GRUEL,Q1439965,HENRI GUYBET,LA LUTTE CONTRE LE FROID,LE CORBILLARD DE JULES,52
16426,HENRI GRUEL,Q315020,HENRI CHARRIERE,LA LUTTE CONTRE LE FROID,PAPILLON,19
16426,HENRI GRUEL,Q33100072,HENRIK CARLSEN,LA LUTTE CONTRE LE FROID,BENNY'S BATHTUB,21
16426,HENRI GRUEL,Q12331398,PERNILLE GRUMME,LA LUTTE CONTRE LE FROID,LADIES ON THE ROCKS,37
16426,HENRI GRUEL,Q3130892,HENRI COURSEAUX,LA LUTTE CONTRE LE FROID,LE CORBILLARD DE JULES,52
16426,HENRI GRUEL,Q319789,VALERIY BRUMEL,LA LUTTE CONTRE LE FROID,Q16687812,0
16426,HENRI GRUEL,Q76448718,PER GRUNNET,LA LUTTE CONTRE LE FROID,Q73994054,0
16426,HENRI GRUEL,Q1545987,GRETE HEGER,LA LUTTE CONTRE LE FROID,Q97361700,0
16426,HENRI GRUEL,Q5796476,GUGGE HEDRENIUS,LA LUTTE CONTRE LE FROID,Q10678308,0
16426,HENRI GRUEL,Q43716602,RUSSELL THACHER,LA LUTTE CONTRE LE FROID,THE CAY,32
16426,HENRI GRUEL,Q85822727,HENDRICK GOZALI,LA LUTTE CONTRE LE FROID,BONI DAN NANCY,32
16426,HENRI GRUEL,Q3479665,SERGIO GIRAL,LA LUTTE CONTRE LE FROID,THE OTHER FRANCISCO,37
16426,HENRI GRUEL,Q253467,THERESA RUSSELL,LA LUTTE CONTRE LE FROID,THE RAZOR'S EDGE,40
16426,HENRI GRUEL,Q1605848,HENRI GAULT,LA LUTTE CONTRE LE FROID,Q3212995,0
16426,HENRI GRUEL,Q3130528,HENRI AGEL,LA LUTTE CONTRE LE FROID,THE MAN WHO LOVED WOMEN,38
16426,HENRI GRUEL,Q2308461,HENRI ALLEG,LA LUTTE CONTRE LE FROID,Q3212094,0
16426,HENRI GRUEL,Q76448793,BERTEL HEURLIN,LA LUTTE CONTRE LE FROID,Q73987545,0
16426,HENRI GRUEL,Q95709312,MURIEL THEURING,LA LUTTE CONTRE LE FROID,LAST LOVE,30
16426,HENRI GRUEL,Q22102110,ERIC BERGREN,LA LUTTE CONTRE LE FROID,THE ELEPHANT MAN,35
16426,HENRI GRUEL,Q1490354,GABRIELE HERZOG,LA LUTTE CONTRE LE FROID,DAS HERZ DES PIRATEN,32
16426,HENRI GRUEL,Q3130765,HENRI BEHAR,LA LUTTE CONTRE LE FROID,Q2930282,0
16426,HENRI GRUEL,Q5720174,HENRY DANGAR,LA LUTTE CONTRE LE FROID,THE CROSSING,39
16426,HENRI GRUEL,Q94878133,HERMANN GRUBER,LA LUTTE CONTRE LE FROID,ACH DU LIEBER HARRY,42
16426,HENRI GRUEL,Q112637,MARIE GRUBER,LA LUTTE CONTRE LE FROID,FAR AWAY COUNTRY PA-ISCH,46
16426,HENRI GRUEL,Q712187,GREG HETSON,LA LUTTE CONTRE LE FROID,THE DECLINE OF WESTERN CIVILIZATION,37
16426,HENRI GRUEL,Q95872855,HERMANN GRUBLER,LA LUTTE CONTRE LE FROID,Q104049787,0
16426,HENRI GRUEL,Q6101474,RAUL SENDER,LA LUTTE CONTRE LE FROID,Q5831926,0
16426,HENRI GRUEL,Q1605476,HENNING GISSEL,LA LUTTE CONTRE LE FROID,HIGH SOCIETY LIMITED,32
16426,HENRI GRUEL,Q554606,URI GAVRIEL,LA LUTTE CONTRE LE FROID,THE SYRIAN BRIDE,45
16426,HENRI GRUEL,Q3431549,RICK GREEN,LA LUTTE CONTRE LE FROID,ALL IN GOOD TASTE,39
16426,HENRI GRUEL,Q5576476,HENRIK BIRCH,LA LUTTE CONTRE LE FROID,THE HOUR OF THE LYNX,41
16426,HENRI GRUEL,Q991708,BRUCE MAHLER,LA LUTTE CONTRE LE FROID,FRIDAY THE 13TH: THE FINAL CHAPTER,49
16426,HENRI GRUEL,Q294568,HENRYK GORECKI,LA LUTTE CONTRE LE FROID,THE HIDDEN RIVER,40
16426,HENRI GRUEL,Q27863471,GABRIEL LENN,LA LUTTE CONTRE LE FROID,Q21480676,0
16426,HENRI GRUEL,Q440617,KERRI GREEN,LA LUTTE CONTRE LE FROID,THREE FOR THE ROAD,52
16426,HENRI GRUEL,Q3130557,HENRI AMOUROUX,LA LUTTE CONTRE LE FROID,"PARTIR, REVENIR",32
16426,HENRI GRUEL,Q319042,HERB GELLER,LA LUTTE CONTRE LE FROID,OTTO - DER FILM,43
16426,HENRI GRUEL,Q441974,TERRI GARBER,LA LUTTE CONTRE LE FROID,SLAPPY AND THE STINKERS,43
16426,HENRI GRUEL,Q21486064,GABRIELLE HAKER,LA LUTTE CONTRE LE FROID,ROUND MIDNIGHT,32
16426,HENRI GRUEL,Q9032817,MIGUEL ORTIZ,LA LUTTE CONTRE LE FROID,BILBAO BLUES,39
16426,HENRI GRUEL,Q2863129,ARNAUD HENRIET,LA LUTTE CONTRE LE FROID,BACON ON THE SIDE,54
16426,HENRI GRUEL,Q3130821,HENRI CHASSE,LA LUTTE CONTRE LE FROID,IN THE SHADOW OF THE WIND,41
16426,HENRI GRUEL,Q12263577,MIGUEL MUNARRIZ,LA LUTTE CONTRE LE FROID,Q12252705,0
16426,HENRI GRUEL,Q40501,RAUL VALERIO,LA LUTTE CONTRE LE FROID,SOLO CON TU PAREJA,48
16426,HENRI GRUEL,Q3103256,GEORGES NERI,LA LUTTE CONTRE LE FROID,THE HORSEMAN ON THE ROOF,46
16426,HENRI GRUEL,Q5394816,MIGUEL PEREIRA,LA LUTTE CONTRE LE FROID,THE LAST HARVEST,40
16426,HENRI GRUEL,Q7495358,SHERRIE ROSE,LA LUTTE CONTRE LE FROID,KILLER CROCODILE,45
16426,HENRI GRUEL,Q2625337,GEORGE HEARN,LA LUTTE CONTRE LE FROID,PUTTING IT TOGETHER: DIRECT FROM BROADWAY,41
16426,HENRI GRUEL,Q12316346,HENRIK FIIG,LA LUTTE CONTRE LE FROID,RIGET II,31
16426,HENRI GRUEL,Q1606437,HENRY ARNOLD,LA LUTTE CONTRE LE FROID,DIE ZWEITE HEIMAT - CHRONIK EINER JUGEND,42
16426,HENRI GRUEL,Q4949556,HELEN GARNER,LA LUTTE CONTRE LE FROID,THE LAST DAYS OF CHEZ NOUS,44
16426,HENRI GRUEL,Q719190,HENRYK GRYNBERG,LA LUTTE CONTRE LE FROID,Q11780161,0
16426,HENRI GRUEL,Q104534679,HENRIK GUGGE GARNOV,LA LUTTE CONTRE LE FROID,Q19827225,0
16426,HENRI GRUEL,Q6173286,ANGEL MAHLER,LA LUTTE CONTRE LE FROID,Q24943226,0
16426,HENRI GRUEL,Q104512181,HENRIK DANSTRUP,LA LUTTE CONTRE LE FROID,FRIDA'S FIRST TIME,52
16426,HENRI GRUEL,Q75507127,HENRIK BRAHE,LA LUTTE CONTRE LE FROID,TAKING CARE OF LOLA,47
16426,HENRI GRUEL,Q6174538,DELE SHEKONI,LA LUTTE CONTRE LE FROID,AINSI SOIENT-ELLES,38
16426,HENRI GRUEL,Q10397773,AAGE HENRIKSEN,LA LUTTE CONTRE LE FROID,KAREN BLIXEN - STORYTELLER,33
16426,HENRI GRUEL,Q3144699,HELENE ANGEL,LA LUTTE CONTRE LE FROID,RENCONTRE AVEC LE DRAGON,42
16426,HENRI GRUEL,Q983166,HENRY CELE,LA LUTTE CONTRE LE FROID,THE GHOST AND THE DARKNESS,40
16426,HENRI GRUEL,Q11991537,NINA GRUNFELD,LA LUTTE CONTRE LE FROID,NINAS BARN,24
16426,HENRI GRUEL,Q271620,ELAINE HENDRIX,LA LUTTE CONTRE LE FROID,FADING OF THE CRIES,47
16426,HENRI GRUEL,Q991754,BRUCE NORRIS,LA LUTTE CONTRE LE FROID,REACH THE ROCK,42
16426,HENRI GRUEL,Q2176962,RUSSELL YUEN,LA LUTTE CONTRE LE FROID,THE INCREDIBLE HULK,42
16426,HENRI GRUEL,Q421471,AKSEL HENNIE,LA LUTTE CONTRE LE FROID,THE CONGO MURDERS,49
16426,HENRI GRUEL,Q5531221,GENE GABRIEL,LA LUTTE CONTRE LE FROID,RIDING IN CARS WITH BOYS,33
16426,HENRI GRUEL,Q38054962,HEINI GRUNBAUM,LA LUTTE CONTRE LE FROID,Q12311728,0
16426,HENRI GRUEL,Q106602972,CHRIS ANGEL,LA LUTTE CONTRE LE FROID,THE FEAR: RESURRECTION,36
16426,HENRI GRUEL,Q1381467,NEDIM GURSEL,LA LUTTE CONTRE LE FROID,Q17450891,0
16426,HENRI GRUEL,Q7494841,SHERI ELWOOD,LA LUTTE CONTRE LE FROID,DEEPLY,20
16426,HENRI GRUEL,Q16869209,GREG HAYDEN,LA LUTTE CONTRE LE FROID,EUROVISION SONG CONTEST: THE STORY OF FIRE SAGA,46
16426,HENRI GRUEL,Q277978,TOPHER GRACE,LA LUTTE CONTRE LE FROID,TAKE ME HOME TONIGHT,41
16426,HENRI GRUEL,Q3132663,HENRY BROMELL,LA LUTTE CONTRE LE FROID,PANIC,14
16426,HENRI GRUEL,Q446763,GRETCHEN RAU,LA LUTTE CONTRE LE FROID,UNBREAKABLE,34
16426,HENRI GRUEL,Q15170824,GILLES HENRY,LA LUTTE CONTRE LE FROID,CAFE IN FLAMMEN,41
16426,HENRI GRUEL,Q11975046,HENRIK ELVESTAD,LA LUTTE CONTRE LE FROID,GET READY TO BE BOYZVOICED,40
16426,HENRI GRUEL,Q731843,ERIK CANUEL,LA LUTTE CONTRE LE FROID,THE OUTLANDER,43
16426,HENRI GRUEL,Q3132523,HENRIKE GOETZ,LA LUTTE CONTRE LE FROID,BUNGALOW,19
16426,HENRI GRUEL,Q4977645,BRUCE HENDRICKS,LA LUTTE CONTRE LE FROID,PIRATES OF THE CARIBBEAN: THE CURSE OF THE BLACK PEARL,42
16426,HENRI GRUEL,Q1436820,HENRY GILROY,LA LUTTE CONTRE LE FROID,BIONICLE: MASK OF LIGHT,35
16426,HENRI GRUEL,Q5540395,GEORGE HENARE,LA LUTTE CONTRE LE FROID,THE LEGEND OF JOHNNY LINGO,40
16426,HENRI GRUEL,Q56827397,ELY HENRY,LA LUTTE CONTRE LE FROID,MEAN GIRLS,24
16426,HENRI GRUEL,Q5515811,GABRIEL REID,LA LUTTE CONTRE LE FROID,AS DREAMS ARE MADE ON,36
16426,HENRI GRUEL,Q289424,HERO ANGELES,LA LUTTE CONTRE LE FROID,CAN THIS BE LOVE,40
16426,HENRI GRUEL,Q64392081,EVE HEINRICH,LA LUTTE CONTRE LE FROID,Q64392078,0
16426,HENRI GRUEL,Q3591012,ERIC BRUNEAU,LA LUTTE CONTRE LE FROID,COTEAU ROUGE,50
16426,HENRI GRUEL,Q364983,HENRI DUPARC,LA LUTTE CONTRE LE FROID,Q5716989,0
16426,HENRI GRUEL,Q5661708,INGRID GRUDKE,LA LUTTE CONTRE LE FROID,PAPA SE VOLVIO LOCO,37
16426,HENRI GRUEL,Q23822013,DREW HERIOT,LA LUTTE CONTRE LE FROID,THE SECRET,35
16426,HENRI GRUEL,Q1791104,GRETCHEN,LA LUTTE CONTRE LE FROID,Q10315023,0
16426,HENRI GRUEL,Q10295157,HERMILA GUEDES,LA LUTTE CONTRE LE FROID,SUELY IN THE SKY,35
16426,HENRI GRUEL,Q38054461,HENRIK BUSACKER,LA LUTTE CONTRE LE FROID,Q20495894,0
16426,HENRI GRUEL,Q3130904,HENRI CUECO,LA LUTTE CONTRE LE FROID,CONVERSATIONS WITH MY GARDENER,41
16426,HENRI GRUEL,Q66753809,ENRIQUE ARREOLA,LA LUTTE CONTRE LE FROID,BLUE EYELIDS,22
16426,HENRI GRUEL,Q7610426,STEPHEN RUSSELL,LA LUTTE CONTRE LE FROID,THE GOLDEN BOYS,41
16426,HENRI GRUEL,Q12316327,HENRIK BRUHN,LA LUTTE CONTRE LE FROID,TEMPORARY RELEASE,39
16426,HENRI GRUEL,Q28054098,DUANE HENRY,LA LUTTE CONTRE LE FROID,THE OXFORD MURDERS,43
16426,HENRI GRUEL,Q5614996,HENRIK DAHL,LA LUTTE CONTRE LE FROID,LET THE RIGHT ONE IN,41
16426,HENRI GRUEL,Q91361,HEINRICH BRELOER,LA LUTTE CONTRE LE FROID,BUDDENBROOKS,17
16426,HENRI GRUEL,Q3471241,SAMUEL THEIS,LA LUTTE CONTRE LE FROID,THE PRINCESS OF MONTPENSIER,47
16426,HENRI GRUEL,Q12516584,SUHENDRI,LA LUTTE CONTRE LE FROID,LASKAR PELANGI,26
16426,HENRI GRUEL,Q1489464,GABRIEL MERZ,LA LUTTE CONTRE LE FROID,REVISION - APOCALYPSE II,26
16426,HENRI GRUEL,Q1605008,HENDRIK ANNEL,LA LUTTE CONTRE LE FROID,THE ORANGE GIRL,41
16426,HENRI GRUEL,Q95750903,FRAUKE IHNEN,LA LUTTE CONTRE LE FROID,Q106718598,0
16426,HENRI GRUEL,Q5702337,HELEN GEORGE,LA LUTTE CONTRE LE FROID,THE THREE MUSKETEERS,36
16426,HENRI GRUEL,Q6628106,ARIEL COHEN,LA LUTTE CONTRE LE FROID,THE GOLEM,36
16426,HENRI GRUEL,Q1545097,GREGOR HUEBNER,LA LUTTE CONTRE LE FROID,MY BEAUTIFUL COUNTRY,27
16426,HENRI GRUEL,Q27758867,HUBERT CHARUEL,LA LUTTE CONTRE LE FROID,BLOODY MILK,29
16426,HENRI GRUEL,Q24082842,SHERI HAGEN,LA LUTTE CONTRE LE FROID,Q59616367,0
16426,HENRI GRUEL,Q2926831,BRUNO HENRY,LA LUTTE CONTRE LE FROID,MACADAM BABY,17
16426,HENRI GRUEL,Q5591208,GRACE HELBIG,LA LUTTE CONTRE LE FROID,ELECTRA WOMAN AND DYNA GIRL,35
16426,HENRI GRUEL,Q1606229,HENRIK ALBRECHT,LA LUTTE CONTRE LE FROID,Q23017326,0
16426,HENRI GRUEL,Q434610,HENRY COWELL,LA LUTTE CONTRE LE FROID,LETTERS TO MAX,37
16426,HENRI GRUEL,Q17612387,HENRY GOREN,LA LUTTE CONTRE LE FROID,HIGH THERE,24
16426,HENRI GRUEL,Q11033924,RUNE SOLHEIM,LA LUTTE CONTRE LE FROID,DEN TILFELDIGE ROCKESTJERNEN,38
16426,HENRI GRUEL,Q17093581,KRISTIN GRUE,LA LUTTE CONTRE LE FROID,DOKTOR PROKTORS TIDSBADEKAR,39
16426,HENRI GRUEL,Q23716157,HENRY GARRETT,LA LUTTE CONTRE LE FROID,CRIMINAL,31
16426,HENRI GRUEL,Q79430604,STEFAN GRUBE,LA LUTTE CONTRE LE FROID,10 CLOVERFIELD LANE,47
16426,HENRI GRUEL,Q24686333,BEN HENRETIG,LA LUTTE CONTRE LE FROID,CROSSING BHUTAN,26
16426,HENRI GRUEL,Q26833808,ERIN BAGWELL,LA LUTTE CONTRE LE FROID,"DREAM, GIRL",29
16426,HENRI GRUEL,Q26878079,HENRIQUE BORELA,LA LUTTE CONTRE LE FROID,Q26878075,0
16426,HENRI GRUEL,Q65115879,HENRI BRILLON,LA LUTTE CONTRE LE FROID,ROGER D'ASTOUS,26
16426,HENRI GRUEL,Q25938178,GERBEN HETEBRIJ,LA LUTTE CONTRE LE FROID,Q25938192,0
16426,HENRI GRUEL,Q16028131,JEREMIE GUEZ,LA LUTTE CONTRE LE FROID,THE SOUND OF PHILADELPHIA,41
16426,HENRI GRUEL,Q85912664,GUIDO HENDRIKX,LA LUTTE CONTRE LE FROID,STRANGER IN PARADISE,36
16426,HENRI GRUEL,Q47503331,QUENTIN JAGOREL,LA LUTTE CONTRE LE FROID,LES PAGELS,29
16426,HENRI GRUEL,Q37851246,HENNING BRUMMER,LA LUTTE CONTRE LE FROID,REVOLUTION OF SOUND. TANGERINE DREAM,41
16426,HENRI GRUEL,Q598959,HEINZ KARL GRUBER,LA LUTTE CONTRE LE FROID,MACKIE MESSER - BRECHTS DREIGROSCHENFILM,39
16426,HENRI GRUEL,Q49759660,CHRIS BRUGGE,LA LUTTE CONTRE LE FROID,37,0
16426,HENRI GRUEL,Q67044355,HENRY GAYDEN,LA LUTTE CONTRE LE FROID,THERE'S SOMEONE INSIDE YOUR HOUSE,39
16426,HENRI GRUEL,Q42833024,ASHER ANGEL,LA LUTTE CONTRE LE FROID,SHAZAM! FURY OF THE GODS,38
16426,HENRI GRUEL,Q15992154,GREG POEHLER,LA LUTTE CONTRE LE FROID,WINE COUNTRY,44
16426,HENRI GRUEL,Q24231989,GRADY HENDRIX,LA LUTTE CONTRE LE FROID,SATANIC PANIC,27
16426,HENRI GRUEL,Q109271422,CLAUDE HEINRICH,LA LUTTE CONTRE LE FROID,A PURE PLACE,39
