acmi_id,acmi_name,wikidata_id,wikidata_name,acmi_title,wikidata_title,match
79778,LUIS O. GARCIA,Q3377431,CARINA LIDBOM,SPIRITS OF HAVANA,STALL-ERIK OCH SNAPPHANARNA,36
79778,LUIS O. GARCIA,Q1332599,LUIS BACALOV,SPIRITS OF HAVANA,SECRET OF THE ANDES,50
79778,LUIS O. GARCIA,Q5982673,LUIS ALBERTO GARCIA,SPIRITS OF HAVANA,MALAVANA,40
79778,LUIS O. GARCIA,Q64989780,ARIANE LOUIS-SEIZE,SPIRITS OF HAVANA,OF INK AND BLOOD,36
79778,LUIS O. GARCIA,Q56875944,GARIK SEKO,SPIRITS OF HAVANA,Q104894958,0
79778,LUIS O. GARCIA,Q95871768,MARIAN PUOBIS,SPIRITS OF HAVANA,A STEP INTO THE DARK,43
79778,LUIS O. GARCIA,Q104717404,JON GARCIA,SPIRITS OF HAVANA,LUZ,0
79778,LUIS O. GARCIA,Q382393,LOUIS GARREL,SPIRITS OF HAVANA,AN OFFICER AND A SPY,54
79778,LUIS O. GARCIA,Q109824074,LOUIS FRANCIS,SPIRITS OF HAVANA,THE LEGEND OF QUANJA LAKE,33
79778,LUIS O. GARCIA,Q109837293,LUIS ARIEL TOVAR,SPIRITS OF HAVANA,RIDING THE BONE,31
79778,LUIS O. GARCIA,Q35985884,GABI LIJON,SPIRITS OF HAVANA,Q20494547,0
79778,LUIS O. GARCIA,Q3266586,LUIS ALBERNI,SPIRITS OF HAVANA,DANCING PIRATE,45
79778,LUIS O. GARCIA,Q3838838,LUCIO D'AMBRA,SPIRITS OF HAVANA,TAKE CARE OF AMELIA,44
79778,LUIS O. GARCIA,Q3123282,SARA GARCIA,SPIRITS OF HAVANA,AZAHARES PARA TU BODA,47
79778,LUIS O. GARCIA,Q16534268,AURELIA MUSTO,SPIRITS OF HAVANA,EL CANTAR DE MIS PENAS,41
79778,LUIS O. GARCIA,Q113250,LUCIANO DORIA,SPIRITS OF HAVANA,THE OPIUM DEN,40
79778,LUIS O. GARCIA,Q679157,ARMAS LAUNIS,SPIRITS OF HAVANA,WEDDING IN POETIC KARJALA,33
79778,LUIS O. GARCIA,Q441414,ANITA LOUISE,SPIRITS OF HAVANA,A WOMAN OF AFFAIRS,40
79778,LUIS O. GARCIA,Q3263770,LOUISE LARA,SPIRITS OF HAVANA,Q3064665,0
79778,LUIS O. GARCIA,Q86511,LISSY ARNA,SPIRITS OF HAVANA,CHILDREN OF THE STREET,46
79778,LUIS O. GARCIA,Q20908937,LUIS GARCIA ORTEGA,SPIRITS OF HAVANA,LA CASA DE LA TROYA,33
79778,LUIS O. GARCIA,Q214767,LOUIS V. ARCO,SPIRITS OF HAVANA,NAPOLEON AT SAINT HELENA,44
79778,LUIS O. GARCIA,Q2884781,"LOUIS BARON, SON",SPIRITS OF HAVANA,HE IS CHARMING,45
79778,LUIS O. GARCIA,Q3261424,LOUIS CARI,SPIRITS OF HAVANA,FUN IN THE BARRACKS,39
79778,LUIS O. GARCIA,Q148669,IDA LUPINO,SPIRITS OF HAVANA,PARIS IN SPRING,44
79778,LUIS O. GARCIA,Q5982811,LUIS ARATA,SPIRITS OF HAVANA,BARRIO GRIS,43
79778,LUIS O. GARCIA,Q16012143,MARCIA RALSTON,SPIRITS OF HAVANA,HOLLYWOOD PARTY,38
79778,LUIS O. GARCIA,Q3262023,LOUIS GAY,SPIRITS OF HAVANA,ITTO,19
79778,LUIS O. GARCIA,Q457568,LUISA FERIDA,SPIRITS OF HAVANA,THE COUNT OF BRECHARD,42
79778,LUIS O. GARCIA,Q160223,CLAUDIO ARRAU,SPIRITS OF HAVANA,DREAMS OF LOVE,32
79778,LUIS O. GARCIA,Q15103415,LUISA GARELLA,SPIRITS OF HAVANA,THE MAN WHO SMILES,34
79778,LUIS O. GARCIA,Q17369830,LUIS GARCIA BOSCH,SPIRITS OF HAVANA,THE BOHEMIAN SOUL,41
79778,LUIS O. GARCIA,Q9069868,ROBERTO GARCIA RAMOS,SPIRITS OF HAVANA,MARRIAGE IN BUENOS AIRES,34
79778,LUIS O. GARCIA,Q5982715,LUIS ALDAS,SPIRITS OF HAVANA,BOINA BLANCA,41
79778,LUIS O. GARCIA,Q1896215,MARIA OLGUIM,SPIRITS OF HAVANA,A MORGADINHA DOS CANAVIAIS,42
79778,LUIS O. GARCIA,Q1396992,LUIS ALCORIZA,SPIRITS OF HAVANA,SAINT FRANCIS OF ASSISI,50
79778,LUIS O. GARCIA,Q2373334,JESUS GARCIA LEOZ,SPIRITS OF HAVANA,A MAN ON THE ROAD,47
79778,LUIS O. GARCIA,Q3266736,LUIS LUCIA MINGARRO,SPIRITS OF HAVANA,THE PRINCE IN CHAINS,49
79778,LUIS O. GARCIA,Q28074069,JOAQUIN GARCIA LEON,SPIRITS OF HAVANA,CAPTAIN POISON,45
79778,LUIS O. GARCIA,Q6687338,LOUIS HARRIS,SPIRITS OF HAVANA,CARIBBEAN ROMANCE,29
79778,LUIS O. GARCIA,Q1876169,LUIGI GIACOSI,SPIRITS OF HAVANA,Q3951354,0
79778,LUIS O. GARCIA,Q22328132,LOUIS HARRIS,SPIRITS OF HAVANA,LUCKY COWBOY,14
79778,LUIS O. GARCIA,Q2366325,LOUIS FRANCIS,SPIRITS OF HAVANA,LE PERE CHOPIN,39
79778,LUIS O. GARCIA,Q9015537,JUAN GARCIA,SPIRITS OF HAVANA,THE HONESTY OF THE LOOK,35
79778,LUIS O. GARCIA,Q1762367,RUSSELL GARCIA,SPIRITS OF HAVANA,RADAR SECRET SERVICE,38
79778,LUIS O. GARCIA,Q951330,LUIS AGUILAR,SPIRITS OF HAVANA,MUSIC AND MONEY,44
79778,LUIS O. GARCIA,Q28147273,LUIS DE LUCIA,SPIRITS OF HAVANA,HOMBRES A PRECIO,42
79778,LUIS O. GARCIA,Q381234,LUIS GARCIA BERLANGA,SPIRITS OF HAVANA,NOVIO A LA VISTA,42
79778,LUIS O. GARCIA,Q3762693,GIAN LUIGI RONDI,SPIRITS OF HAVANA,LEONARDO DA VINCI,41
79778,LUIS O. GARCIA,Q1876384,LUIS DAVILA,SPIRITS OF HAVANA,"DOC, HANDS OF STEEL",51
79778,LUIS O. GARCIA,Q3187653,JUAN GARCIA,SPIRITS OF HAVANA,THE BRAVADOS,41
79778,LUIS O. GARCIA,Q10411063,LUIS AGUILAR,SPIRITS OF HAVANA,LA MARCA DE SATANAS,39
79778,LUIS O. GARCIA,Q653019,LUCIO CARACCIOLO,SPIRITS OF HAVANA,JOURNEY TO ITALY,30
79778,LUIS O. GARCIA,Q921366,JOSE GARCIA NIETO,SPIRITS OF HAVANA,GOOD NEWS,23
79778,LUIS O. GARCIA,Q16594193,LUIS CALAN,SPIRITS OF HAVANA,QUINTO ANO NACIONAL,39
79778,LUIS O. GARCIA,Q21832741,LINO CURCI,SPIRITS OF HAVANA,Q18690427,0
79778,LUIS O. GARCIA,Q27609042,LUIS ARAGON,SPIRITS OF HAVANA,CIELITO LINDO (FILM),23
79778,LUIS O. GARCIA,Q113949,GARY LEWIS,SPIRITS OF HAVANA,GANGS OF NEW YORK,41
79778,LUIS O. GARCIA,Q20127455,LOUIS GARFINKLE,SPIRITS OF HAVANA,I BURY THE LIVING,29
79778,LUIS O. GARCIA,Q954681,LUCHO GATICA,SPIRITS OF HAVANA,A SABLAZO LIMPIO,30
79778,LUIS O. GARCIA,Q6782051,MARIA LUISA ALGARRA,SPIRITS OF HAVANA,AMOR SE DICE CANTANDO,42
79778,LUIS O. GARCIA,Q4149831,JONAS GRICIUS,SPIRITS OF HAVANA,THE GIRL AND THE ECHO,42
79778,LUIS O. GARCIA,Q2405528,LUIS ARCARAZ,SPIRITS OF HAVANA,LA VIUDA NEGRA,32
79778,LUIS O. GARCIA,Q529017,LEA GARCIA,SPIRITS OF HAVANA,THE GREATEST LOVE OF ALL,34
79778,LUIS O. GARCIA,Q15665670,MARIA SIVO,SPIRITS OF HAVANA,THE HOUSE UNDER THE ROCKS,24
79778,LUIS O. GARCIA,Q11121803,LJUBISA BACIC,SPIRITS OF HAVANA,PUT OKO SVETA,33
79778,LUIS O. GARCIA,Q2436995,TITO GARCIA,SPIRITS OF HAVANA,CHALLENGE OF THE TIGER,46
79778,LUIS O. GARCIA,Q3265102,LUCE GARCIA-VILLE,SPIRITS OF HAVANA,LAST YEAR AT MARIENBAD,31
79778,LUIS O. GARCIA,Q6700439,LUIS CIGES,SPIRITS OF HAVANA,SPAIN AGAIN,50
79778,LUIS O. GARCIA,Q6700457,LUIS CUENCA GARCIA,SPIRITS OF HAVANA,TOTO OF ARABIA,52
79778,LUIS O. GARCIA,Q5982655,LUIS ALARCON,SPIRITS OF HAVANA,LA NOVIA,32
79778,LUIS O. GARCIA,Q14747,SANCHO GRACIA,SPIRITS OF HAVANA,HE'S MY MAN!,43
79778,LUIS O. GARCIA,Q3162860,GABRIELLA LICUDI,SPIRITS OF HAVANA,THE FALL OF THE ROMAN EMPIRE,31
79778,LUIS O. GARCIA,Q5642388,LUIS CUADRADO,SPIRITS OF HAVANA,THE SPIRIT OF THE BEEHIVE,57
79778,LUIS O. GARCIA,Q10321528,LUIS LUCAS,SPIRITS OF HAVANA,"NO, OR THE VAIN GLORY OF COMMAND",33
79778,LUIS O. GARCIA,Q3753476,JUAN GARCIA PONCE,SPIRITS OF HAVANA,Q16593223,0
79778,LUIS O. GARCIA,Q1694622,LUISA BARATTO,SPIRITS OF HAVANA,RENEGADE RIDERS,38
79778,LUIS O. GARCIA,Q1367078,JOSE LUIS GARCI,SPIRITS OF HAVANA,CHAIN OF DESIRE,44
79778,LUIS O. GARCIA,Q434060,NICOLE GARCIA,SPIRITS OF HAVANA,STATE OF GRACE,45
79778,LUIS O. GARCIA,Q8964816,GRACIELA MANCUSO,SPIRITS OF HAVANA,BLOOD OF THE VIRGINS,43
79778,LUIS O. GARCIA,Q10321457,LUIS GASPAR,SPIRITS OF HAVANA,TWO CROSSES AT DANGER PASS,28
79778,LUIS O. GARCIA,Q28074103,LISARDO GARCIA TUNON,SPIRITS OF HAVANA,PIMIENTA Y PIMENTON,39
79778,LUIS O. GARCIA,Q3237887,LIBOR FARA,SPIRITS OF HAVANA,CASE FOR A ROOKIE HANGMAN,33
79778,LUIS O. GARCIA,Q5873711,GABRIELA GILI,SPIRITS OF HAVANA,EL PROFESOR PATAGONICO,41
79778,LUIS O. GARCIA,Q5487389,LUIS LANDRISCINA,SPIRITS OF HAVANA,LA GRAN RUTA,41
79778,LUIS O. GARCIA,Q1873491,LUCIO GIACHIN,SPIRITS OF HAVANA,THE LUSTY WIVES OF CANTERBURY,35
79778,LUIS O. GARCIA,Q241435,MARIO GARRIBA,SPIRITS OF HAVANA,ON THE POINT OF DEATH,42
79778,LUIS O. GARCIA,Q15842997,RONALD VICTOR GARCIA,SPIRITS OF HAVANA,"ABAR, THE FIRST BLACK SUPERMAN",43
79778,LUIS O. GARCIA,Q3035711,DON ARIOLI,SPIRITS OF HAVANA,MON OEIL,32
79778,LUIS O. GARCIA,Q610724,RAFAEL GARCIA TORRES,SPIRITS OF HAVANA,TREASURE ISLAND,31
79778,LUIS O. GARCIA,Q26996205,RICARDO GARCIA OLIVERI,SPIRITS OF HAVANA,VALLEJOS,32
79778,LUIS O. GARCIA,Q95702108,MARIA VICO,SPIRITS OF HAVANA,THE BOOK OF GOOD LOVE 2,30
79778,LUIS O. GARCIA,Q3038827,LUIS ADVIS,SPIRITS OF HAVANA,THE PROMISED LAND,41
79778,LUIS O. GARCIA,Q930737,JOSE LUIS GARCIA SANCHEZ,SPIRITS OF HAVANA,KING OF THE RIVER,47
79778,LUIS O. GARCIA,Q5409587,LUIS CORDARA,SPIRITS OF HAVANA,THE TRAITORS,41
79778,LUIS O. GARCIA,Q27646542,LUIS GIANNEO,SPIRITS OF HAVANA,THE DARK SIDE OF THE HEART,42
79778,LUIS O. GARCIA,Q3113032,GRACIA LEE,SPIRITS OF HAVANA,CONRACK,17
79778,LUIS O. GARCIA,Q52420282,GALLIANO JUSO,SPIRITS OF HAVANA,SQUADRA ANTIMAFIA,41
79778,LUIS O. GARCIA,Q5553184,LUIS ARANDA,SPIRITS OF HAVANA,PROCESO A LA INFAMIA,43
79778,LUIS O. GARCIA,Q705631,ART LINSON,SPIRITS OF HAVANA,POINT OF NO RETURN,51
79778,LUIS O. GARCIA,Q3838803,LUCIO ARDENZI,SPIRITS OF HAVANA,AL PIACERE DI RIVEDERLA,35
79778,LUIS O. GARCIA,Q2460918,RONALD GARCIA,SPIRITS OF HAVANA,HOT POTATO,37
79778,LUIS O. GARCIA,Q3605677,ADRIANA RUSSO,SPIRITS OF HAVANA,VIENI AVANTI CRETINO,49
79778,LUIS O. GARCIA,Q2392008,LUIS ARMANDO ROCHE,SPIRITS OF HAVANA,THE MOVING PICTURE MAN,46
79778,LUIS O. GARCIA,Q28840079,LOLO GARCIA,SPIRITS OF HAVANA,COMPUTRON 22,28
79778,LUIS O. GARCIA,Q10321459,LUIS GASPAR,SPIRITS OF HAVANA,Q10339720,0
79778,LUIS O. GARCIA,Q3756735,GABRIELLA DI LUZIO,SPIRITS OF HAVANA,MALENA,26
79778,LUIS O. GARCIA,Q1876569,LUISA FRANCIA,SPIRITS OF HAVANA,"SISTERS, OR THE BALANCE OF HAPPINESS",46
79778,LUIS O. GARCIA,Q2475191,STENIO GARCIA,SPIRITS OF HAVANA,THE HOUSE OF SAND,41
79778,LUIS O. GARCIA,Q11694853,MONICA GARCIA,SPIRITS OF HAVANA,MONDAYS IN THE SUN,34
79778,LUIS O. GARCIA,Q101081990,MIRO GRISA,SPIRITS OF HAVANA,DEVATE SRDCE,34
79778,LUIS O. GARCIA,Q3838796,LUCIO ALLOCCA,SPIRITS OF HAVANA,COSI PARLO BELLAVISTA,42
79778,LUIS O. GARCIA,Q3296455,MARIA LUISA GARCIA,SPIRITS OF HAVANA,L'ANGE NOIR,43
79778,LUIS O. GARCIA,Q3439002,ROGER GARCEAU,SPIRITS OF HAVANA,BROTHER ANDRE,33
79778,LUIS O. GARCIA,Q3838824,LUCIO CIOTOLA,SPIRITS OF HAVANA,NO THANKS,38
79778,LUIS O. GARCIA,Q21403207,NELSON ARMIZA,SPIRITS OF HAVANA,D'WILD WILD WENG,24
79778,LUIS O. GARCIA,Q1876364,LUIS CALVO,SPIRITS OF HAVANA,DARK HABITS,36
79778,LUIS O. GARCIA,Q3163145,JAVIER GARCIA,SPIRITS OF HAVANA,SALVADOR DALI: LIVE TO NOT DIE,35
79778,LUIS O. GARCIA,Q1098003,CLAUDIO CALIGARI,SPIRITS OF HAVANA,THE SCENT OF THE NIGHT,36
79778,LUIS O. GARCIA,Q1672417,LUCIO GAUDINO,SPIRITS OF HAVANA,FIRST LIGHT OF DAWN,44
79778,LUIS O. GARCIA,Q6066588,PATRICIA SOSA,SPIRITS OF HAVANA,DAD FOR A DAY,40
79778,LUIS O. GARCIA,Q3262001,LOUIS GARDEL,SPIRITS OF HAVANA,HIMALAYA,32
79778,LUIS O. GARCIA,Q3084485,JSU GARCIA,SPIRITS OF HAVANA,CANDYMAN: DAY OF THE DEAD,44
79778,LUIS O. GARCIA,Q58227337,VLADO GACINA,SPIRITS OF HAVANA,TAJNA STAROG TAVANA,33
79778,LUIS O. GARCIA,Q316772,RAUL GARCIA,SPIRITS OF HAVANA,DEADLY IMPACT,27
79778,LUIS O. GARCIA,Q17320656,LOIS GEARY,SPIRITS OF HAVANA,THE ASTRONAUT FARMER,38
79778,LUIS O. GARCIA,Q1118997,MARIA SOLE,SPIRITS OF HAVANA,"TANGOS, THE EXILE OF GARDEL",33
79778,LUIS O. GARCIA,Q21964229,LUIS GARCIA GOMEZ,SPIRITS OF HAVANA,THE DISAPPEARANCE OF GARCIA LORCA,36
79778,LUIS O. GARCIA,Q706219,CARINA LAU,SPIRITS OF HAVANA,DAYS OF BEING WILD,40
79778,LUIS O. GARCIA,Q236013,ALICIA ALONSO,SPIRITS OF HAVANA,YIDDISH CONNECTION,34
79778,LUIS O. GARCIA,Q10320497,LUI FARIAS,SPIRITS OF HAVANA,Q17168747,0
79778,LUIS O. GARCIA,Q11453721,MARIA RIGO,SPIRITS OF HAVANA,"SIMON, THE MAGICIAN",40
79778,LUIS O. GARCIA,Q3335761,NANOU GARCIA,SPIRITS OF HAVANA,THE NAMES OF LOVE,47
79778,LUIS O. GARCIA,Q3845803,MARCIA SEDOC,SPIRITS OF HAVANA,DELIRIUM,24
79778,LUIS O. GARCIA,Q5941337,JOSE LUIS GARCIA AGRAZ,SPIRITS OF HAVANA,TREASURE OF THE MOON GODDESS,31
79778,LUIS O. GARCIA,Q11934240,LUIS ARANOSKY,SPIRITS OF HAVANA,VIVIR INTENTANDO,36
79778,LUIS O. GARCIA,Q21591162,LUISA GAVASA MORAGON,SPIRITS OF HAVANA,CHRYSALIS,31
79778,LUIS O. GARCIA,Q6214266,JOEY ARIAS,SPIRITS OF HAVANA,MONDO NEW YORK,26
79778,LUIS O. GARCIA,Q714651,RODRIGO GARCIA,SPIRITS OF HAVANA,BODY SHOTS,37
79778,LUIS O. GARCIA,Q1517672,MARCUS OFF,SPIRITS OF HAVANA,HARD TO BE A GOD,36
79778,LUIS O. GARCIA,Q504467,LUIS POSADA CARRILES,SPIRITS OF HAVANA,CATCHFIRE,31
79778,LUIS O. GARCIA,Q778451,JOSE GARCIA,SPIRITS OF HAVANA,A MAN AND HIS DOG,47
79778,LUIS O. GARCIA,Q12262675,LUIS GOYA,SPIRITS OF HAVANA,FRIO SOL DE INVIERNO,32
79778,LUIS O. GARCIA,Q38982386,LUDVIK BAGARI,SPIRITS OF HAVANA,PETER IN PETRA,32
79778,LUIS O. GARCIA,Q89911060,LUIS ALLER,SPIRITS OF HAVANA,Q89912072,0
79778,LUIS O. GARCIA,Q29401009,JULIO ARRIETA,SPIRITS OF HAVANA,THE TOMBS,31
79778,LUIS O. GARCIA,Q4133927,MARCIO GARCIA,SPIRITS OF HAVANA,BED & BREAKFAST,27
79778,LUIS O. GARCIA,Q724054,LASZLO GARACZI,SPIRITS OF HAVANA,Q20439842,0
79778,LUIS O. GARCIA,Q10321797,LUISA BARBOSA,SPIRITS OF HAVANA,RETRATO DE FAMILIA,29
79778,LUIS O. GARCIA,Q1098007,CLAUDIO CAMARCA,SPIRITS OF HAVANA,ALL HUMAN RIGHTS FOR ALL,44
79778,LUIS O. GARCIA,Q9074772,SATURNINO GARCIA,SPIRITS OF HAVANA,THE DAY OF THE BEAST,38
79778,LUIS O. GARCIA,Q6688754,LOUISE GARFIELD,SPIRITS OF HAVANA,ZERO PATIENCE,27
79778,LUIS O. GARCIA,Q4153228,SOO GARAY,SPIRITS OF HAVANA,ROMEO AND JULIET IN SARAJEVO,31
79778,LUIS O. GARCIA,Q5983606,LUIS GURIDI,SPIRITS OF HAVANA,JUSTINO,17
79778,LUIS O. GARCIA,Q6700330,LUIS ARGUETA,SPIRITS OF HAVANA,THE SILENCE OF NETO,44
79778,LUIS O. GARCIA,Q70781772,JOSE LUIS GARCIA ARROJO,SPIRITS OF HAVANA,EL DETECTIVE Y LA MUERTE,24
79778,LUIS O. GARCIA,Q22958826,LUIS COLINA,SPIRITS OF HAVANA,THE LAST SUPPER,38
79778,LUIS O. GARCIA,Q5880020,GINES GARCIA MILLAN,SPIRITS OF HAVANA,IRIS,38
79778,LUIS O. GARCIA,Q27916835,MAURICIO GARCIA,SPIRITS OF HAVANA,Q25414612,0
79778,LUIS O. GARCIA,Q441904,GARY LUCAS,SPIRITS OF HAVANA,FIREMAN SAM IN ACTION,42
79778,LUIS O. GARCIA,Q5976376,LILIANA GARCIA SOSA,SPIRITS OF HAVANA,GLORIA,26
79778,LUIS O. GARCIA,Q3324282,PATRICIA VICO,SPIRITS OF HAVANA,UN ASUNTO PRIVADO,41
79778,LUIS O. GARCIA,Q5889467,GUSTAVO ANGARITA,SPIRITS OF HAVANA,EL DIA QUE MURIO EL SILENCIO,31
79778,LUIS O. GARCIA,Q73805437,MARIA JOSE IGLESIAS GARCIA,SPIRITS OF HAVANA,THE COLOR OF THE CLOUDS,25
79778,LUIS O. GARCIA,Q9073030,SALVADOR GARCIA RUIZ,SPIRITS OF HAVANA,TERRITORIO COMANCHE,33
79778,LUIS O. GARCIA,Q533924,LISA BARBUSCIA,SPIRITS OF HAVANA,ALMOST HEROES,33
79778,LUIS O. GARCIA,Q19567626,LUIS ALBERTO GARCIA,SPIRITS OF HAVANA,LIFE IS TO WHISTLE,29
79778,LUIS O. GARCIA,Q5983183,LUIS DIMAS,SPIRITS OF HAVANA,TAKILLEITOR,29
79778,LUIS O. GARCIA,Q373432,ADRIAN LUKIS,SPIRITS OF HAVANA,VICTIM,26
79778,LUIS O. GARCIA,Q1876350,LUIS BORDA,SPIRITS OF HAVANA,12 TANGOS,31
79778,LUIS O. GARCIA,Q9394600,LUKASZ GARLICKI,SPIRITS OF HAVANA,BATTLE OF WARSAW 1920,37
79778,LUIS O. GARCIA,Q6110952,ROGELIO GARCIA LUPO,SPIRITS OF HAVANA,Q50063728,0
79778,LUIS O. GARCIA,Q238029,JOANNA GARCIA,SPIRITS OF HAVANA,AMERICAN PIE 2,39
79778,LUIS O. GARCIA,Q2627255,LISA ARCH,SPIRITS OF HAVANA,EVAN ALMIGHTY,27
79778,LUIS O. GARCIA,Q3394295,LUIS CILIA,SPIRITS OF HAVANA,OUR CONSUL IN HAVANA,49
79778,LUIS O. GARCIA,Q29465634,VICTOR GARCIA LEON,SPIRITS OF HAVANA,GO AWAY FROM ME,31
79778,LUIS O. GARCIA,Q27949867,MARIA MERLINO,SPIRITS OF HAVANA,ESTEROS,25
79778,LUIS O. GARCIA,Q109637253,GARBA ISSA,SPIRITS OF HAVANA,ABOUNA,26
79778,LUIS O. GARCIA,Q16600585,SERGIO GARCIA,SPIRITS OF HAVANA,COMO EL GATO Y EL RATON,25
79778,LUIS O. GARCIA,Q3186366,JOSE LUIS GARCIA-PEREZ,SPIRITS OF HAVANA,A PUERTA FRIA,47
79778,LUIS O. GARCIA,Q4684908,ADRIAN C. LOUIS,SPIRITS OF HAVANA,SKINS,27
79778,LUIS O. GARCIA,Q86360135,RUY GARCIA,SPIRITS OF HAVANA,THE BLUE ROOM,27
79778,LUIS O. GARCIA,Q2707063,LAURA LION,SPIRITS OF HAVANA,SCHWESTERN VOM NOT-DIENST,29
79778,LUIS O. GARCIA,Q15699209,MARGARITA MUSTO,SPIRITS OF HAVANA,ESTRELLA DEL SUR,24
79778,LUIS O. GARCIA,Q5883909,GRACIA OLAYO,SPIRITS OF HAVANA,HASTA QUE LA BODA NOS SEPARE,44
79778,LUIS O. GARCIA,Q7089696,OMAR GARCIA,SPIRITS OF HAVANA,SEIS DIAS EN LA OSCURIDAD,43
79778,LUIS O. GARCIA,Q20534199,NANI GARCIA,SPIRITS OF HAVANA,Q12384500,0
79778,LUIS O. GARCIA,Q2439495,TOM BARCAL,SPIRITS OF HAVANA,GATE TO HEAVEN,39
79778,LUIS O. GARCIA,Q6686302,LOUIE IGNACIO,SPIRITS OF HAVANA,ANNIE B.,25
79778,LUIS O. GARCIA,Q20948798,MARIA RUIZ,SPIRITS OF HAVANA,SUMMER RAIN,36
79778,LUIS O. GARCIA,Q3605601,ADRIAN ALONSO,SPIRITS OF HAVANA,AL OTRO LADO,34
79778,LUIS O. GARCIA,Q264914,JORGE GARCIA,SPIRITS OF HAVANA,TALES FROM THE CRAPPER,31
79778,LUIS O. GARCIA,Q6067444,PAULINA GARCIA,SPIRITS OF HAVANA,I AM NOT LORENA,38
79778,LUIS O. GARCIA,Q6044653,NONO GARCIA,SPIRITS OF HAVANA,TUNA AND CHOCOLATE,34
79778,LUIS O. GARCIA,Q108133329,JUAN GARCIA PRIETO,SPIRITS OF HAVANA,HABANA BLUES,34
79778,LUIS O. GARCIA,Q1684854,LUISE BAHR,SPIRITS OF HAVANA,WHAT A MAN,37
79778,LUIS O. GARCIA,Q16318626,LUIS IGLESIA,SPIRITS OF HAVANA,HERE'S THE DEAL,31
79778,LUIS O. GARCIA,Q6543667,LIDIA PERALTA GARCIA,SPIRITS OF HAVANA,LA CARAVANA DEL MANUSCRITO ANDALUSI,42
79778,LUIS O. GARCIA,Q6186355,JESSE GARCIA,SPIRITS OF HAVANA,THE AVENGERS,34
79778,LUIS O. GARCIA,Q6782111,MARIA RUIZ,SPIRITS OF HAVANA,SUMMER RAIN,36
79778,LUIS O. GARCIA,Q6706761,LUIS CORREIA,SPIRITS OF HAVANA,"BATUQUE, THE SOUL OF A PEOPLE",36
79778,LUIS O. GARCIA,Q4121114,MANUEL GARCIA,SPIRITS OF HAVANA,MY TENDER MATADOR,29
79778,LUIS O. GARCIA,Q441949,LUIZ ALFREDO GARCIA-ROZA,SPIRITS OF HAVANA,Q9580080,0
79778,LUIS O. GARCIA,Q21675468,MARIO PILUSO,SPIRITS OF HAVANA,HOLLY HOBBIE AND FRIENDS: SURPRISE PARTY,36
79778,LUIS O. GARCIA,Q1247859,KLAUS GRAF,SPIRITS OF HAVANA,ICH WAR NOCH NIEMALS IN NEW YORK,29
79778,LUIS O. GARCIA,Q3262015,LOUIS GASSION,SPIRITS OF HAVANA,LA VIE EN ROSE,39
79778,LUIS O. GARCIA,Q3564451,VICTOR GARCIA,SPIRITS OF HAVANA,AN AFFAIR TO DIE FOR,38
79778,LUIS O. GARCIA,Q270848,ERIKA LUST,SPIRITS OF HAVANA,BARCELONA SEX PROJECT,42
79778,LUIS O. GARCIA,Q47508643,MARIA MIRO,SPIRITS OF HAVANA,CAYUCO,17
79778,LUIS O. GARCIA,Q3263892,LOUISON DANIS,SPIRITS OF HAVANA,SURVIVING MY MOTHER,33
79778,LUIS O. GARCIA,Q27786354,LUCIA GAJA,SPIRITS OF HAVANA,MI VIDA DENTRO,32
79778,LUIS O. GARCIA,Q2842824,AMERICA OLIVO,SPIRITS OF HAVANA,FRIDAY THE 13TH,38
79778,LUIS O. GARCIA,Q5668836,ALICIA RUBIO,SPIRITS OF HAVANA,THE FURY OF A PATIENT MAN,48
79778,LUIS O. GARCIA,Q16599531,MARIA MOLINS,SPIRITS OF HAVANA,SON OF CAIN,50
79778,LUIS O. GARCIA,Q518784,LOLA ARIAS,SPIRITS OF HAVANA,EXTRAORDINARY STORIES,42
79778,LUIS O. GARCIA,Q5982829,LUIS ARRIETA,SPIRITS OF HAVANA,DRAGONBALL EVOLUTION,32
79778,LUIS O. GARCIA,Q4260869,MARC MUSSO,SPIRITS OF HAVANA,THE PERFECT GAME,30
79778,LUIS O. GARCIA,Q3833073,LINO GUANCIALE,SPIRITS OF HAVANA,TO ROME WITH LOVE,35
79778,LUIS O. GARCIA,Q30727705,JULIETTE GARCIAS,SPIRITS OF HAVANA,Q3488989,0
79778,LUIS O. GARCIA,Q6700405,LUIS CARDENAS,SPIRITS OF HAVANA,NORTHLESS,38
79778,LUIS O. GARCIA,Q5522089,GARCIA JUNIOR,SPIRITS OF HAVANA,IF I WERE YOU 2,25
79778,LUIS O. GARCIA,Q26212055,RICKY GARCIA,SPIRITS OF HAVANA,SLEEPING WITH OTHER PEOPLE,42
79778,LUIS O. GARCIA,Q6309106,JULIO ARIZA,SPIRITS OF HAVANA,LOPE,19
79778,LUIS O. GARCIA,Q943194,ROGER GARCIA JUNYENT,SPIRITS OF HAVANA,THE GENESIS CODE,30
79778,LUIS O. GARCIA,Q65116213,LUIS CATERIANO,SPIRITS OF HAVANA,OCTOBER,17
79778,LUIS O. GARCIA,Q7077262,ODALYS GARCIA,SPIRITS OF HAVANA,IJE,10
79778,LUIS O. GARCIA,Q5984635,LUIS AVILA,SPIRITS OF HAVANA,Q6110284,0
79778,LUIS O. GARCIA,Q6662893,LLUIS GALTER,SPIRITS OF HAVANA,Q11912260,0
79778,LUIS O. GARCIA,Q16942287,PEDRO SOLIS GARCIA,SPIRITS OF HAVANA,LA BRUXA,16
79778,LUIS O. GARCIA,Q100415,SARALISA VOLM,SPIRITS OF HAVANA,ART GIRLS,38
79778,LUIS O. GARCIA,Q7911271,VALERIE GARCIA,SPIRITS OF HAVANA,BULONG,9
79778,LUIS O. GARCIA,Q542031,LUIS GARCIA POSTIGO,SPIRITS OF HAVANA,GUERRERO 12,14
79778,LUIS O. GARCIA,Q7353508,ROBSON GARCIA JR.,SPIRITS OF HAVANA,NOCTAMBULOUS,28
79778,LUIS O. GARCIA,Q5982827,LUIS ARRIETA,SPIRITS OF HAVANA,HAPPY TIMES,36
79778,LUIS O. GARCIA,Q27051810,LLUIS ARCARAZO,SPIRITS OF HAVANA,20-S,19
79778,LUIS O. GARCIA,Q6701296,LUISA DIAZ,SPIRITS OF HAVANA,SILVER LININGS PLAYBOOK,35
79778,LUIS O. GARCIA,Q2979362,CLIO BARAN,SPIRITS OF HAVANA,10 JOURS EN OR,32
79778,LUIS O. GARCIA,Q21067398,GUILLERMO GARCIA,SPIRITS OF HAVANA,BLUE AND NOT SO PINK,43
79778,LUIS O. GARCIA,Q3488891,SOFIA GARCIA,SPIRITS OF HAVANA,BRING ME THE HEAD OF THE MACHINE GUN WOMAN,31
79778,LUIS O. GARCIA,Q6660324,LIZ W. GARCIA,SPIRITS OF HAVANA,ONE PERCENT MORE HUMID,36
79778,LUIS O. GARCIA,Q16234314,GAIA WEISS,SPIRITS OF HAVANA,"MARY, QUEEN OF SCOTS",44
79778,LUIS O. GARCIA,Q9465043,CHI PO-LIN,SPIRITS OF HAVANA,BEYOND BEAUTY: TAIWAN FROM ABOVE,33
79778,LUIS O. GARCIA,Q43960596,LUIS ARA,SPIRITS OF HAVANA,PERU: HIDDEN TREASURE,38
79778,LUIS O. GARCIA,Q58518462,JESUS GARCIA-GIL,SPIRITS OF HAVANA,SUR NOS TRACES,45
79778,LUIS O. GARCIA,Q1567538,LIAM GARRIGAN,SPIRITS OF HAVANA,THE LEGEND OF HERCULES,36
79778,LUIS O. GARCIA,Q26254609,MANUEL GARCIA-RULFO,SPIRITS OF HAVANA,SICARIO: DAY OF THE SOLDADO,47
79778,LUIS O. GARCIA,Q22986616,IDALMIS GARCIA,SPIRITS OF HAVANA,SERGIO AND SERGEI,41
79778,LUIS O. GARCIA,Q22979641,ANDREAS LOUIS,SPIRITS OF HAVANA,Q20972711,0
79778,LUIS O. GARCIA,Q22673514,HIRAM GARCIA,SPIRITS OF HAVANA,SAN ANDREAS,36
79778,LUIS O. GARCIA,Q6559124,LISSA LAURIA,SPIRITS OF HAVANA,SPARE CHANGE,48
79778,LUIS O. GARCIA,Q8993106,JACKIE LUI,SPIRITS OF HAVANA,THE DEAD END,28
79778,LUIS O. GARCIA,Q24671778,PATRICIA SIMS,SPIRITS OF HAVANA,WHEN ELEPHANTS WERE YOUNG,24
79778,LUIS O. GARCIA,Q6316177,LUIS GATICA,SPIRITS OF HAVANA,RUMBLE,9
79778,LUIS O. GARCIA,Q65116163,LOUIS GIGNAC,SPIRITS OF HAVANA,NALLUA,17
79778,LUIS O. GARCIA,Q27051828,TITO GONZALEZ GARCIA,SPIRITS OF HAVANA,THE DESERT OF THE DESERT,24
79778,LUIS O. GARCIA,Q4787385,ARCI MUNOZ,SPIRITS OF HAVANA,EXTRA SERVICE,33
79778,LUIS O. GARCIA,Q51495356,LUIS CAMPO,SPIRITS OF HAVANA,Q51495316,0
79778,LUIS O. GARCIA,Q35416130,GABRIELLA LEWIS,SPIRITS OF HAVANA,IN THE MOMENT,33
79778,LUIS O. GARCIA,Q243295,LUIS BARRAGAN,SPIRITS OF HAVANA,THE PROPOSAL,21
79778,LUIS O. GARCIA,Q68002521,LUIS ALBERTI,SPIRITS OF HAVANA,FIREFLIES,38
79778,LUIS O. GARCIA,Q63975133,LISA GABRIEL,SPIRITS OF HAVANA,GENERAL COMMANDER,24
79778,LUIS O. GARCIA,Q108004344,ULIANO GRECA,SPIRITS OF HAVANA,THE MAFIA IS NO LONGER WHAT IT USED TO BE,28
79778,LUIS O. GARCIA,Q4328796,KELLI O'HARA,SPIRITS OF HAVANA,ALL THE BRIGHT PLACES,32
79778,LUIS O. GARCIA,Q100566876,MAXIME POZZI-GARCIA,SPIRITS OF HAVANA,SLALOM,17
79778,LUIS O. GARCIA,Q107075309,FER GARCIA-RUIZ,SPIRITS OF HAVANA,DESCARRILADOS,27
79778,LUIS O. GARCIA,Q106506039,TEO GARCIA,SPIRITS OF HAVANA,XTREME,9
79778,LUIS O. GARCIA,Q49253376,YURISKA PATRICIA,SPIRITS OF HAVANA,HOMPIMPA,32
79778,LUIS O. GARCIA,Q109772733,ANNA MOLINS GARCIA,SPIRITS OF HAVANA,Q109772275,0
79778,LUIS O. GARCIA,Q109716035,RAFAEL GARCIA,SPIRITS OF HAVANA,LOVE GETS A ROOM,30
