acmi_id,acmi_name,wikidata_id,wikidata_name,match
1210,MATTHEW GIDNEY,Q345032,MATTHEW DAVIS,58
1210,MATTHEW GIDNEY,Q4202035,MATTHEW KENNEDY,57
1210,MATTHEW GIDNEY,Q249968,LESTER MATTHEWS,56
1210,MATTHEW GIDNEY,Q617690,MATTHEW LIBATIQUE,55
1210,MATTHEW GIDNEY,Q1739736,KERWIN MATHEWS,54
1210,MATTHEW GIDNEY,Q317337,MATTHEW GOODE,54
1210,MATTHEW GIDNEY,Q314954,MATTHEW MACFADYEN,53
1210,MATTHEW GIDNEY,Q290270,MATTHEW HERBERT,53
1210,MATTHEW GIDNEY,Q940107,MATTEO GARRONE,52
1210,MATTHEW GIDNEY,Q519902,MATEO GIL,52
1210,MATTHEW GIDNEY,Q3299727,MATTHEW HARRISON,52
1210,MATTHEW GIDNEY,Q361308,MATTHEW F. LEONETTI,52
1210,MATTHEW GIDNEY,Q313501,MATTHEW GRAY GUBLER,51
1210,MATTHEW GIDNEY,Q2112157,MATTHEW BETZ,51
1210,MATTHEW GIDNEY,Q28755,MATTHEW BRODERICK,51
1210,MATTHEW GIDNEY,Q71247052,CURTIS MATTHEW,50
1210,MATTHEW GIDNEY,Q278644,A. E. MATTHEWS,50
1210,MATTHEW GIDNEY,Q22323679,MATTHEW BROWN,49
1210,MATTHEW GIDNEY,Q471143,MATTHEW LAWRENCE,49
1210,MATTHEW GIDNEY,Q3290613,SIDNEY TOLER,49
1210,MATTHEW GIDNEY,Q3299439,MATT DOHERTY,48
1210,MATTHEW GIDNEY,Q15069980,MATTHEW BOULTON,48
1210,MATTHEW GIDNEY,Q28914993,MATTHEW J. LLOYD,48
1210,MATTHEW GIDNEY,Q1521600,MATTHEW MARGESON,48
1210,MATTHEW GIDNEY,Q617641,TED MCGINLEY,48
1210,MATTHEW GIDNEY,Q9206889,GIN MAEDA,48
1210,MATTHEW GIDNEY,Q5542237,GEORGE MATHEWS,47
1210,MATTHEW GIDNEY,Q949017,MATHIEU DEMY,47
1210,MATTHEW GIDNEY,Q459294,JESSIE MATTHEWS,46
1210,MATTHEW GIDNEY,Q21063420,MATTHEW IRMAS,46
1210,MATTHEW GIDNEY,Q4078480,MATTHEW BARRY,46
1210,MATTHEW GIDNEY,Q4964629,BRIAN MATTHEWS,46
1210,MATTHEW GIDNEY,Q511475,MATTHEW BEARD,46
1210,MATTHEW GIDNEY,Q1157743,DAKIN MATTHEWS,46
1210,MATTHEW GIDNEY,Q12022100,IVO MATHE,46
1210,MATTHEW GIDNEY,Q6006384,MATT DAY,46
1210,MATTHEW GIDNEY,Q29086,MATTHEW LILLARD,46
1210,MATTHEW GIDNEY,Q1319732,MATTHEW MARSDEN,46
1210,MATTHEW GIDNEY,Q63124380,MATTHEW HANNAM,46
1210,MATTHEW GIDNEY,Q65992736,FRITZ MATTHEWS,46
1210,MATTHEW GIDNEY,Q111230,MATTHEW LEWIS,46
1210,MATTHEW GIDNEY,Q743598,MATTHEW BEARD,45
1210,MATTHEW GIDNEY,Q1909222,MATT KING,45
1210,MATTHEW GIDNEY,Q6790863,MATTHEW LEUTWYLER,45
1210,MATTHEW GIDNEY,Q2034576,MATTHEW CHAPMAN,45
1210,MATTHEW GIDNEY,Q17047885,MATTIE DO,45
1210,MATTHEW GIDNEY,Q16185460,JOSHY MATHEW,45
1210,MATTHEW GIDNEY,Q6790279,MATTHEW CAUSEY,45
1210,MATTHEW GIDNEY,Q16207611,MATTHEW FABER,44
1210,MATTHEW GIDNEY,Q42529555,KATHRYN GIVNEY,44
1210,MATTHEW GIDNEY,Q98039213,MANDY MATTHEWS,43
1210,MATTHEW GIDNEY,Q121060,MATTHEW GREGORY LEWIS,43
1210,MATTHEW GIDNEY,Q451185,MATTHEW BARNEY,43
1210,MATTHEW GIDNEY,Q185554,MATTHEW FOX,43
1210,MATTHEW GIDNEY,Q6790610,MATTHEW GUMLEY,43
1210,MATTHEW GIDNEY,Q22075540,MATTHEW HEINEMAN,43
1210,MATTHEW GIDNEY,Q948687,CHRIS MATTHEWS,43
1210,MATTHEW GIDNEY,Q17285130,GILES MATTHEY,43
1210,MATTHEW GIDNEY,Q6790442,MATTHEW DYKTYNSKI,42
1210,MATTHEW GIDNEY,Q20027497,MATTHEW DADDARI,42
1210,MATTHEW GIDNEY,Q6786461,MATTEO GUIDICELLI,42
1210,MATTHEW GIDNEY,Q1909510,MATTHEW GLAVE,42
1210,MATTHEW GIDNEY,Q16230635,MATTHEW GEORGE,42
1210,MATTHEW GIDNEY,Q28062354,BINOY MATHEW,42
1210,MATTHEW GIDNEY,Q380381,DAVE MATTHEWS,42
1210,MATTHEW GIDNEY,Q3299677,MATTHEW BRIGHT,42
1210,MATTHEW GIDNEY,Q3299720,MATTHEW GREENFIELD,41
1210,MATTHEW GIDNEY,Q6733847,MAHESH ANEY,41
1210,MATTHEW GIDNEY,Q6105488,J. E. MATHEWS,41
1210,MATTHEW GIDNEY,Q3299886,MATTHIEU DESSERTINE,41
1210,MATTHEW GIDNEY,Q38052463,INGRID MATTHIESSEN,41
1210,MATTHEW GIDNEY,Q18637381,MATTHEW GAGNON,41
1210,MATTHEW GIDNEY,Q1570581,MATTHEW BURTON,41
1210,MATTHEW GIDNEY,Q6297197,JOY MATHEW,41
1210,MATTHEW GIDNEY,Q61685747,AARON MATTHEWS,41
1210,MATTHEW GIDNEY,Q2365459,MATTHIEU CHEDID,40
1210,MATTHEW GIDNEY,Q6790766,MATTHEW KANE,40
1210,MATTHEW GIDNEY,Q714071,MATTHEW KNIGHT,40
1210,MATTHEW GIDNEY,Q628137,MATT GORDON,39
1210,MATTHEW GIDNEY,Q887630,GEORGE MATHEWS,39
1210,MATTHEW GIDNEY,Q2283881,MATTHEW DEL NEGRO,39
1210,MATTHEW GIDNEY,Q6790511,MATTHEW FLYNN,39
1210,MATTHEW GIDNEY,Q291300,CERYS MATTHEWS,39
1210,MATTHEW GIDNEY,Q87896498,MATHILDE DEDYE,39
1210,MATTHEW GIDNEY,Q60191900,MATTHEW A. CHERRY,39
1210,MATTHEW GIDNEY,Q26903662,MATTHEW BARTON,39
1210,MATTHEW GIDNEY,Q6790658,MATTHEW HEAD,39
1210,MATTHEW GIDNEY,Q1139570,MATTHEW BOURNE,38
1210,MATTHEW GIDNEY,Q30122207,MATTHEW ANDREWS,38
1210,MATTHEW GIDNEY,Q3299723,MATTHEW GECZY,38
1210,MATTHEW GIDNEY,Q6790916,MATTHEW MAHER,38
1210,MATTHEW GIDNEY,Q1908448,MATTHIAS DINTER,38
1210,MATTHEW GIDNEY,Q6790406,MATTHEW DIAMOND,37
1210,MATTHEW GIDNEY,Q6790407,MATTHEW DIAZ,37
1210,MATTHEW GIDNEY,Q7509382,SIDNEY TORCH,37
1210,MATTHEW GIDNEY,Q2851213,ANNE MATHER,37
1210,MATTHEW GIDNEY,Q65967081,MATTHEW BELLOWS,37
1210,MATTHEW GIDNEY,Q15436897,GISELA MATTISHENT,37
1210,MATTHEW GIDNEY,Q6787022,MATHEW HORNE,37
1210,MATTHEW GIDNEY,Q4890019,BENNY MATHEWS,37
1210,MATTHEW GIDNEY,Q22278226,MATTHEW HOLMES,37
1210,MATTHEW GIDNEY,Q3299895,MATTHIEU GONET,37
1210,MATTHEW GIDNEY,Q354890,MATTHEW FOX,37
1210,MATTHEW GIDNEY,Q21096007,MATTHIAS GUNTER,37
1210,MATTHEW GIDNEY,Q5237231,DAVID MATTHEWS,36
1210,MATTHEW GIDNEY,Q325577,MATTHEW FERGUSON,36
1210,MATTHEW GIDNEY,Q11771625,MATTHEW ANSARA,36
1210,MATTHEW GIDNEY,Q27051843,MATTHEW HYNDS,36
1210,MATTHEW GIDNEY,Q23774000,MATHIEU GENET,36
1210,MATTHEW GIDNEY,Q3791484,IAN MATTHEWS,35
1210,MATTHEW GIDNEY,Q27664506,IVY MATHESON,35
1210,MATTHEW GIDNEY,Q6790409,MATTHEW DICKENS,35
1210,MATTHEW GIDNEY,Q3298740,MATHIEU GRONDIN,35
1210,MATTHEW GIDNEY,Q21282359,MATTHEW DUNN,35
1210,MATTHEW GIDNEY,Q6790480,MATTHEW F. JONES,35
1210,MATTHEW GIDNEY,Q6791656,MATTHIEW KLINCK,35
1210,MATTHEW GIDNEY,Q107264397,MATHIEU GERMAIN,35
1210,MATTHEW GIDNEY,Q3239699,MATTHEW HOPKINS,34
1210,MATTHEW GIDNEY,Q16081711,GENE MARTEL,34
1210,MATTHEW GIDNEY,Q24672220,MATTHEW JONES,34
1210,MATTHEW GIDNEY,Q16755803,ANDREW MATTHEWS,34
1210,MATTHEW GIDNEY,Q109317349,JOHANE MATTE,34
1210,MATTHEW GIDNEY,Q63586808,MATTHEW FLINT,34
1210,MATTHEW GIDNEY,Q6790412,MATTHEW DICKMAN,34
1210,MATTHEW GIDNEY,Q6790093,MATTHEW ASHFORDE,34
1210,MATTHEW GIDNEY,Q6790337,MATTHEW COOKE,33
1210,MATTHEW GIDNEY,Q3298796,MATHIEU LINDON,33
1210,MATTHEW GIDNEY,Q964998,AL MATTHEWS,33
1210,MATTHEW GIDNEY,Q6790137,MATTHEW BAYLIS,33
1210,MATTHEW GIDNEY,Q26884108,MATT GRIFFIN,33
1210,MATTHEW GIDNEY,Q18649507,MATTHEW FAHEY,33
1210,MATTHEW GIDNEY,Q6193289,JIM MATTHEWS,33
1210,MATTHEW GIDNEY,Q2055973,DAVID MATTHEWS,33
1210,MATTHEW GIDNEY,Q6790457,MATTHEW EHLERS,33
1210,MATTHEW GIDNEY,Q98648356,MATTHEW EWALD,33
1210,MATTHEW GIDNEY,Q18383300,MATTHEW JENSEN,33
1210,MATTHEW GIDNEY,Q6757948,MENAHEM EINY,33
1210,MATTHEW GIDNEY,Q16192776,MATTHEW JOCELYN,33
1210,MATTHEW GIDNEY,Q3190076,JUNIUS MATTHEWS,33
1210,MATTHEW GIDNEY,Q8299418,ANTOINE MATHIEU,33
1210,MATTHEW GIDNEY,Q3176668,JEFFERY MATTHEWS,32
1210,MATTHEW GIDNEY,Q38276538,DAVID MATTHEWS,32
1210,MATTHEW GIDNEY,Q6790861,MATTHEW LESSNER,32
1210,MATTHEW GIDNEY,Q469269,MATTHEW BOULTON,32
1210,MATTHEW GIDNEY,Q20684509,MATTHEW LINTZ,32
1210,MATTHEW GIDNEY,Q6790586,MATTHEW GRAVELLE,32
1210,MATTHEW GIDNEY,Q6790325,MATTHEW COMPTON,32
1210,MATTHEW GIDNEY,Q6788721,MATT GRAY,32
1210,MATTHEW GIDNEY,Q106375726,JASON MATTHEWS,32
1210,MATTHEW GIDNEY,Q26885036,MATTHEW EDDY,32
1210,MATTHEW GIDNEY,Q65116322,MATHIEU GAGNE,31
1210,MATTHEW GIDNEY,Q26759609,MATTHEW ANDERSON,31
1210,MATTHEW GIDNEY,Q26877840,MATTHEW BATE,31
1210,MATTHEW GIDNEY,Q28534209,MATTHEW CARDAROPLE,31
1210,MATTHEW GIDNEY,Q62513360,MATTHEW ANTOUN,31
1210,MATTHEW GIDNEY,Q33137033,MATTHEW BOLTON,31
1210,MATTHEW GIDNEY,Q99194433,MATTHEW JAMES DUFF,31
1210,MATTHEW GIDNEY,Q12636466,MATE GULIN,31
1210,MATTHEW GIDNEY,Q95206963,JANA MATTHES,31
1210,MATTHEW GIDNEY,Q90797668,MATTHEW LONGFELLOW,31
1210,MATTHEW GIDNEY,Q22981547,MATTHEW FLYNN,31
1210,MATTHEW GIDNEY,Q99194916,MATT KENNEDY,31
1210,MATTHEW GIDNEY,Q65966412,MATTHEW BERRY,31
1210,MATTHEW GIDNEY,Q3295541,MARTIN MATTE,30
1210,MATTHEW GIDNEY,Q16145986,MATTHEW ARNOLD,30
1210,MATTHEW GIDNEY,Q3299889,MATTHIEU DONCK,30
1210,MATTHEW GIDNEY,Q359521,MATTHEW GOOD,30
1210,MATTHEW GIDNEY,Q65116326,MATHIEU MAGNY,30
1210,MATTHEW GIDNEY,Q271032,MATTHEW ARNOLD,30
1210,MATTHEW GIDNEY,Q26831407,MATTHEW CONBOY,30
1210,MATTHEW GIDNEY,Q6790552,MATTHEW GERRARD,30
1210,MATTHEW GIDNEY,Q46946271,MATHEU HINZEN,30
1210,MATTHEW GIDNEY,Q59189945,GINA MATTHEWS,30
1210,MATTHEW GIDNEY,Q6790772,MATTHEW KAUFMAN,30
1210,MATTHEW GIDNEY,Q6791182,MATTHEW RYAN HOGE,30
1210,MATTHEW GIDNEY,Q55433646,MATTHEW HUFFMAN,30
1210,MATTHEW GIDNEY,Q6788985,MATT LIPSEY,30
1210,MATTHEW GIDNEY,Q2175736,MATTHEW BENNETT,29
1210,MATTHEW GIDNEY,Q16201651,MATHEW BOSE,29
1210,MATTHEW GIDNEY,Q57441221,MATTHEW GOODMAN,29
1210,MATTHEW GIDNEY,Q130674,MATTHEW CARLSON,29
1210,MATTHEW GIDNEY,Q26899008,MATTHEW CAMPEA,29
1210,MATTHEW GIDNEY,Q577113,MATT HIGGINS,29
1210,MATTHEW GIDNEY,Q3811609,JUSTINE MATTERA,29
1210,MATTHEW GIDNEY,Q6788969,MATT LEVY,29
1210,MATTHEW GIDNEY,Q66132389,MATT DUCEY,29
1210,MATTHEW GIDNEY,Q61994771,MATTHEW JENKINS,29
1210,MATTHEW GIDNEY,Q6790268,MATTHEW CAREY,29
1210,MATTHEW GIDNEY,Q63245144,MATT DANNER,28
1210,MATTHEW GIDNEY,Q26869353,MATTHEW D'ARCY,28
1210,MATTHEW GIDNEY,Q90206728,MATTHEW FRIAS,28
1210,MATTHEW GIDNEY,Q61985126,MATTHEW HOLM,28
1210,MATTHEW GIDNEY,Q6790194,MATTHEW BOYD,28
1210,MATTHEW GIDNEY,Q2356593,COLIN MATTHEWS,27
1210,MATTHEW GIDNEY,Q56065634,MATTHEW ABAYA,27
1210,MATTHEW GIDNEY,Q6790762,MATTHEW KALMAN,27
1210,MATTHEW GIDNEY,Q19677236,ERIC MATTHEW,27
1210,MATTHEW GIDNEY,Q65115843,GILLES MATTE,26
1210,MATTHEW GIDNEY,Q1370861,MATT BENTLEY,26
1210,MATTHEW GIDNEY,Q21591417,MATTHEW ALAN,26
1210,MATTHEW GIDNEY,Q77643705,THEO DEVANEY,26
1210,MATTHEW GIDNEY,Q3298659,MATHIEU BLIN,25
1210,MATTHEW GIDNEY,Q28709848,JON MATTHEWS,25
1210,MATTHEW GIDNEY,Q20684442,MATTHEW LADENSACK,25
1210,MATTHEW GIDNEY,Q95759870,MATTHEW JAMES KELLY,24
1210,MATTHEW GIDNEY,Q66063129,MATTEO BINI,24
1210,MATTHEW GIDNEY,Q5246406,MATTHEW HANNAN,23
1210,MATTHEW GIDNEY,Q3106367,GILLES MAHEU,23
1210,MATTHEW GIDNEY,Q16729154,MATTHEW GALKIN,22
1210,MATTHEW GIDNEY,Q6790694,MATTHEW HOLT,20
1210,MATTHEW GIDNEY,Q516475,MATTHEW ASHFORD,20
1210,MATTHEW GIDNEY,Q12262873,MAITE AGIRRE,19
1210,MATTHEW GIDNEY,Q5945481,MATTHEW LEITCH,18
1210,MATTHEW GIDNEY,Q63877529,MATTHEW DIEZEL,18
1210,MATTHEW GIDNEY,Q17475584,MATTHEW BRAVAIS,17
1210,MATTHEW GIDNEY,Q26903918,MATTHEW HASHIGUCHI,14
1210,MATTHEW GIDNEY,Q6790639,MATTHEW HANSEN,11
1210,MATTHEW GIDNEY,Q6790695,MATTHEW HOLNESS,10
1210,MATTHEW GIDNEY,Q6790230,MATTHEW BUCKINGHAM,0
1210,MATTHEW GIDNEY,Q56204382,JANINE MATTE,0
