acmi_id,acmi_name,wikidata_id,wikidata_name,match
14664,ERNST MATRAY,Q1356454,ERNEST MILLER,53
14664,ERNST MATRAY,Q467968,MARY GORDON,53
14664,ERNST MATRAY,Q112121,ERNST MARISCHKA,52
14664,ERNST MATRAY,Q930598,KENT TAYLOR,51
14664,ERNST MATRAY,Q86193,CHRISTL MARDAYN,51
14664,ERNST MATRAY,Q271877,MARTHA HYER,50
14664,ERNST MATRAY,Q3292384,MARIE BERTO,50
14664,ERNST MATRAY,Q5919709,INES MURRAY,50
14664,ERNST MATRAY,Q431611,ERNEST HALLER,50
14664,ERNST MATRAY,Q3427861,ERNST GUNTHER,49
14664,ERNST MATRAY,Q1894024,MARCOS BERNSTEIN,49
14664,ERNST MATRAY,Q3301791,MAURY GERTSMAN,49
14664,ERNST MATRAY,Q8961164,FELISA MARY,48
14664,ERNST MATRAY,Q71472,ERNA MORENA,48
14664,ERNST MATRAY,Q168359,JEAN MARAIS,48
14664,ERNST MATRAY,Q1356489,ERNEST PALMER,48
14664,ERNST MATRAY,Q520144,DEVIN RATRAY,47
14664,ERNST MATRAY,Q271460,MARY BETH HURT,47
14664,ERNST MATRAY,Q1356749,ERNESTO GASTALDI,47
14664,ERNST MATRAY,Q975586,MARY FORBES,47
14664,ERNST MATRAY,Q232109,MARY ASTOR,47
14664,ERNST MATRAY,Q1895629,MARIA ANDERGAST,47
14664,ERNST MATRAY,Q272678,MARY LAMBERT,47
14664,ERNST MATRAY,Q86543,HANS JARAY,46
14664,ERNST MATRAY,Q285419,MARISA BERENSON,46
14664,ERNST MATRAY,Q3057187,ERNEST STEWARD,46
14664,ERNST MATRAY,Q776601,ERNEST TRUEX,46
14664,ERNST MATRAY,Q1392953,RAY ENRIGHT,46
14664,ERNST MATRAY,Q88333,ERNST HOFBAUER,46
14664,ERNST MATRAY,Q2831124,ALBERT DRAY,45
14664,ERNST MATRAY,Q736672,MARK BURNS,45
14664,ERNST MATRAY,Q2536344,ERNST WINAR,45
14664,ERNST MATRAY,Q451206,MARINA BERTI,45
14664,ERNST MATRAY,Q16072425,ERNEST G. ROY,45
14664,ERNST MATRAY,Q3218072,LARRY KENT,45
14664,ERNST MATRAY,Q108611,ERNST HOFMANN,45
14664,ERNST MATRAY,Q110605,MARIA KRAHN,44
14664,ERNST MATRAY,Q3296163,MARY DORAN,44
14664,ERNST MATRAY,Q6004136,MARIA LEON,44
14664,ERNST MATRAY,Q215929,MARTA EGGERTH,44
14664,ERNST MATRAY,Q275587,PATRICIA OWENS,44
14664,ERNST MATRAY,Q5995512,MARCELA GUERTY,44
14664,ERNST MATRAY,Q2543651,WALTER BERNSTEIN,44
14664,ERNST MATRAY,Q267814,MARSHA HUNT,44
14664,ERNST MATRAY,Q230123,ELSA PATAKY,44
14664,ERNST MATRAY,Q5393660,ERNEST PALMER,44
14664,ERNST MATRAY,Q3783499,HARRY FEIST,44
14664,ERNST MATRAY,Q3845240,MARA CARISI,44
14664,ERNST MATRAY,Q3287809,MARC BERMAN,44
14664,ERNST MATRAY,Q45928,MARYSE ALBERTI,44
14664,ERNST MATRAY,Q310283,DENIS LEARY,44
14664,ERNST MATRAY,Q1360326,ERNST STOTZNER,44
14664,ERNST MATRAY,Q3294078,MARK FENTON,44
14664,ERNST MATRAY,Q105914,ERNST LEGAL,43
14664,ERNST MATRAY,Q537854,MARK BERNES,43
14664,ERNST MATRAY,Q940656,ERNESTO HALFFTER,43
14664,ERNST MATRAY,Q1348110,TAY GARNETT,43
14664,ERNST MATRAY,Q3056947,ERNEST FERNY,43
14664,ERNST MATRAY,Q388400,MARIA ISBERT,43
14664,ERNST MATRAY,Q3057212,ERNEST WHITMAN,43
14664,ERNST MATRAY,Q220901,LAURA DERN,43
14664,ERNST MATRAY,Q4893310,BERNARD KAY,43
14664,ERNST MATRAY,Q1973276,ALBERT RAY,43
14664,ERNST MATRAY,Q7297882,RAY MYERS,43
14664,ERNST MATRAY,Q526861,RAY EVANS,43
14664,ERNST MATRAY,Q435171,MARTA ETURA,43
14664,ERNST MATRAY,Q19667595,ERNEST PASCAL,43
14664,ERNST MATRAY,Q444492,MARY BRIAN,43
14664,ERNST MATRAY,Q28746569,MARTA CERAIN,43
14664,ERNST MATRAY,Q21885973,MAREK DENYS,43
14664,ERNST MATRAY,Q984572,TRACY LETTS,43
14664,ERNST MATRAY,Q1356560,ERNEST VAJDA,43
14664,ERNST MATRAY,Q109055,ERNST FEGTE,42
14664,ERNST MATRAY,Q3287856,MARC BRUNET,42
14664,ERNST MATRAY,Q6002427,MARTY COSENS,42
14664,ERNST MATRAY,Q451518,MARIA DENIS,42
14664,ERNST MATRAY,Q6760362,MARGIA DEAN,42
14664,ERNST MATRAY,Q2010340,ERNEST JOY,42
14664,ERNST MATRAY,Q3732130,ERNEST MORRIS,42
14664,ERNST MATRAY,Q827371,BERT HAANSTRA,42
14664,ERNST MATRAY,Q3057081,ERNEST MAUPAIN,42
14664,ERNST MATRAY,Q5882745,MARTIN JERN,42
14664,ERNST MATRAY,Q325970,CHRISTIAN MATRAS,42
14664,ERNST MATRAY,Q287688,MARY ANDERSON,42
14664,ERNST MATRAY,Q509601,TAMARA LEES,42
14664,ERNST MATRAY,Q5920288,IRIS MARGA,42
14664,ERNST MATRAY,Q2093633,RAY FEARON,42
14664,ERNST MATRAY,Q213635,ERNST TOCH,42
14664,ERNST MATRAY,Q6391837,KENT MORAN,42
14664,ERNST MATRAY,Q17425360,ROSA ENSKAT,42
14664,ERNST MATRAY,Q229920,PATSY KENSIT,42
14664,ERNST MATRAY,Q104117568,MARK CAIRNS,41
14664,ERNST MATRAY,Q537611,ERNO MESTERHAZY,41
14664,ERNST MATRAY,Q1729747,KARL-ERNST SASSE,41
14664,ERNST MATRAY,Q3296435,MARIA ESTEVE,41
14664,ERNST MATRAY,Q1356430,ERNEST MAFTEI,41
14664,ERNST MATRAY,Q3732108,ERNEST C. WARDE,41
14664,ERNST MATRAY,Q1360018,ERNST SASSE,41
14664,ERNST MATRAY,Q12339210,THOMAS ERNST,41
14664,ERNST MATRAY,Q16563074,ERNESTO RAQUEN,41
14664,ERNST MATRAY,Q1900142,MARK HERMAN,41
14664,ERNST MATRAY,Q1114743,ERNESTO VASER,41
14664,ERNST MATRAY,Q3732418,ERNST THOLE,41
14664,ERNST MATRAY,Q3103625,GEORGES VITRAY,41
14664,ERNST MATRAY,Q6767350,MARK DENNIS,41
14664,ERNST MATRAY,Q95778606,ERNEST WALTER,41
14664,ERNST MATRAY,Q3850430,MARY ANDERSON,40
14664,ERNST MATRAY,Q1646288,ERNEST MILLER,40
14664,ERNST MATRAY,Q28065343,MARIA CARRERAS,40
14664,ERNST MATRAY,Q285483,MARY MARTIN,40
14664,ERNST MATRAY,Q2693012,ERNST SATTLER,40
14664,ERNST MATRAY,Q9029892,MARY BEGONA,40
14664,ERNST MATRAY,Q6767348,MARK DENNIS,40
14664,ERNST MATRAY,Q1892607,MARC EVANS,40
14664,ERNST MATRAY,Q6788618,MATT EVANS,40
14664,ERNST MATRAY,Q96065678,ALBERTO MAR,40
14664,ERNST MATRAY,Q6909445,MORAY GRANT,40
14664,ERNST MATRAY,Q3849681,MARLA ENGLISH,40
14664,ERNST MATRAY,Q3173420,JEAN MARSAN,40
14664,ERNST MATRAY,Q1543185,GRANT MAJOR,40
14664,ERNST MATRAY,Q1407791,ALBERTO MARRAS,40
14664,ERNST MATRAY,Q1356427,ERNEST LEHMAN,40
14664,ERNST MATRAY,Q460803,MARTA KRISTEN,40
14664,ERNST MATRAY,Q5525025,GARY ENTIN,40
14664,ERNST MATRAY,Q91182,ERNST GRONAU,40
14664,ERNST MATRAY,Q87883,MARIA EIS,40
14664,ERNST MATRAY,Q4133732,ERAST GARIN,40
14664,ERNST MATRAY,Q1359505,ERNST MEYER,39
14664,ERNST MATRAY,Q3845237,MARA BERNI,39
14664,ERNST MATRAY,Q11988191,MARIA GIESE,39
14664,ERNST MATRAY,Q87365,MARIA HOLST,39
14664,ERNST MATRAY,Q1281080,ERIN MORAN,39
14664,ERNST MATRAY,Q108306,MARIA MATRAY,39
14664,ERNST MATRAY,Q6778969,MARY ARDEN,39
14664,ERNST MATRAY,Q641612,MARY ALDEN,39
14664,ERNST MATRAY,Q5393650,ERNEST PAGANO,39
14664,ERNST MATRAY,Q655221,BERT KALMAR,39
14664,ERNST MATRAY,Q275389,MARK FOREST,39
14664,ERNST MATRAY,Q1356473,ERNEST MULLER,39
14664,ERNST MATRAY,Q1212566,ERZSI MATHE,39
14664,ERNST MATRAY,Q2089982,JENN MURRAY,39
14664,ERNST MATRAY,Q450382,MAYA DEREN,39
14664,ERNST MATRAY,Q6779472,MARY ELLIS,39
14664,ERNST MATRAY,Q5531333,GENE MARKEY,39
14664,ERNST MATRAY,Q5671454,HARRY EINSTEIN,39
14664,ERNST MATRAY,Q556064,TROY EVANS,39
14664,ERNST MATRAY,Q5524788,GARY BURNS,38
14664,ERNST MATRAY,Q3294107,MARK HERRON,38
14664,ERNST MATRAY,Q20508470,KRIST MANARYAN,38
14664,ERNST MATRAY,Q615343,MARK FERGUS,38
14664,ERNST MATRAY,Q8861742,MARIA HOMERSKA,38
14664,ERNST MATRAY,Q6777438,MARTY HORNSTEIN,38
14664,ERNST MATRAY,Q16494639,TATA CEDRON,38
14664,ERNST MATRAY,Q286849,SUMITRA PERIES,38
14664,ERNST MATRAY,Q620799,MARK LESTER,38
14664,ERNST MATRAY,Q42398237,ERNESTO PARDO,38
14664,ERNST MATRAY,Q5393164,ERNEST GRAVES,38
14664,ERNST MATRAY,Q19896075,ELINA SAMANTRAY,38
14664,ERNST MATRAY,Q77004,ERNST THALMANN,38
14664,ERNST MATRAY,Q194566,LAURA BRENT,38
14664,ERNST MATRAY,Q1906230,MARY CARVER,38
14664,ERNST MATRAY,Q17305179,ERNST WENDT,38
14664,ERNST MATRAY,Q1052932,CELINE RATTRAY,38
14664,ERNST MATRAY,Q2747263,MARY BORDEN,37
14664,ERNST MATRAY,Q1356507,ERNEST TIDYMAN,37
14664,ERNST MATRAY,Q122335,KEN MURRAY,37
14664,ERNST MATRAY,Q348868,MARY HARRON,37
14664,ERNST MATRAY,Q5036478,ELSPET GRAY,37
14664,ERNST MATRAY,Q24289,ENID MARKEY,37
14664,ERNST MATRAY,Q57179,ERNST UDET,37
14664,ERNST MATRAY,Q7685092,TARA LENISTON,37
14664,ERNST MATRAY,Q459019,MARIA CARTA,37
14664,ERNST MATRAY,Q325334,STEVE TRACY,37
14664,ERNST MATRAY,Q28843582,MARCY EMMONS,37
14664,ERNST MATRAY,Q5393341,ERNEST JAY,37
14664,ERNST MATRAY,Q6782045,MARIA KOSTI,37
14664,ERNST MATRAY,Q7422150,SARAH BURNS,37
14664,ERNST MATRAY,Q2095310,MARY FULLER,37
14664,ERNST MATRAY,Q1708568,MARIA HOFEN,37
14664,ERNST MATRAY,Q88707,MARIA FEIN,37
14664,ERNST MATRAY,Q3847183,MARIA CASERINI,37
14664,ERNST MATRAY,Q264377,ERIN GRAY,37
14664,ERNST MATRAY,Q2025957,MARIA MAGGENTI,37
14664,ERNST MATRAY,Q20510286,ERNEST MARTIROSYAN,37
14664,ERNST MATRAY,Q55760740,MARY ELLIS,37
14664,ERNST MATRAY,Q90306,ERNESTO REMANI,37
14664,ERNST MATRAY,Q24045553,MARIA FRANCES,37
14664,ERNST MATRAY,Q259405,ERKIN KORAY,37
14664,ERNST MATRAY,Q47508283,ERNST JAGER,37
14664,ERNST MATRAY,Q433997,RUBY JERINS,37
14664,ERNST MATRAY,Q1635020,TARA ELDERS,37
14664,ERNST MATRAY,Q463042,MARY EATON,37
14664,ERNST MATRAY,Q339344,ART METRANO,36
14664,ERNST MATRAY,Q3296190,MARY HART,36
14664,ERNST MATRAY,Q47015698,ERNST ROTERS,36
14664,ERNST MATRAY,Q532192,MARY GROSS,36
14664,ERNST MATRAY,Q2419529,BERT STRUYS,36
14664,ERNST MATRAY,Q6430134,PETR STARY,36
14664,ERNST MATRAY,Q1358893,ERNST KAHL,36
14664,ERNST MATRAY,Q3188765,JULES MARY,36
14664,ERNST MATRAY,Q109434703,HESTU SAPUTRA,36
14664,ERNST MATRAY,Q4936370,MARTA ARBIN,36
14664,ERNST MATRAY,Q6754490,MARA ESCALANTE,36
14664,ERNST MATRAY,Q12354618,ROLFO ERNST,36
14664,ERNST MATRAY,Q42041856,ERNST MOHOLT,36
14664,ERNST MATRAY,Q75309117,HORST MARKGRAF,36
14664,ERNST MATRAY,Q22808104,MARCIA DEBONIS,36
14664,ERNST MATRAY,Q1793860,KURT MASTER,36
14664,ERNST MATRAY,Q2636312,MARIA BIESU,36
14664,ERNST MATRAY,Q21280801,MARTY BOWEN,36
14664,ERNST MATRAY,Q6766715,MARK BENTON,36
14664,ERNST MATRAY,Q6778062,MARV ALBERT,36
14664,ERNST MATRAY,Q269698,MARILYN BURNS,36
14664,ERNST MATRAY,Q1356550,ERNEST TROOST,36
14664,ERNST MATRAY,Q229556,PATTY HEARST,36
14664,ERNST MATRAY,Q2740278,LAURA CERON,35
14664,ERNST MATRAY,Q7831218,TRACEY EDMONDS,35
14664,ERNST MATRAY,Q594377,AL ERNEST GARCIA,35
14664,ERNST MATRAY,Q7904384,RAY BENSON,35
14664,ERNST MATRAY,Q3057177,ERNEST SHIPMAN,35
14664,ERNST MATRAY,Q16236368,ERIN MORIARTY,35
14664,ERNST MATRAY,Q6768010,MARK HERRAS,35
14664,ERNST MATRAY,Q555396,MATT BARNES,35
14664,ERNST MATRAY,Q4539150,ERNEST YASAN,35
14664,ERNST MATRAY,Q154842,MAX ERNST,35
14664,ERNST MATRAY,Q778585,MARK FROST,35
14664,ERNST MATRAY,Q16599323,MARCIAL MANENT,35
14664,ERNST MATRAY,Q23990955,ERNST KROHN,35
14664,ERNST MATRAY,Q3057118,ERNEST PASCAL,35
14664,ERNST MATRAY,Q5571065,MATTI BERENETT,35
14664,ERNST MATRAY,Q3022812,DENIS MARECHAL,35
14664,ERNST MATRAY,Q1894431,MARCY LAFFERTY,35
14664,ERNST MATRAY,Q126835,MANJA BEHRENS,34
14664,ERNST MATRAY,Q86179,ERNST LOTHAR,34
14664,ERNST MATRAY,Q2693005,ERNST NADHERNY,34
14664,ERNST MATRAY,Q1683418,JARA BENES,34
14664,ERNST MATRAY,Q433368,MARY CROSBY,34
14664,ERNST MATRAY,Q3295147,MARTHA BURNS,34
14664,ERNST MATRAY,Q21517127,MARCIA BENNETT,34
14664,ERNST MATRAY,Q2443051,BENOIT MARIAGE,34
14664,ERNST MATRAY,Q23434,ERNEST HEMINGWAY,34
14664,ERNST MATRAY,Q3859348,MISTI TRAYA,34
14664,ERNST MATRAY,Q209502,MARY BOLEYN,34
14664,ERNST MATRAY,Q5492753,FRANZ ERNST,34
14664,ERNST MATRAY,Q215520,ERNST MATRAY,34
14664,ERNST MATRAY,Q3057188,ERNEST TRAXLER,34
14664,ERNST MATRAY,Q22988841,ANDRA AKERS,34
14664,ERNST MATRAY,Q1359024,ERNST KONAREK,34
14664,ERNST MATRAY,Q3827134,LARRY EVANS,34
14664,ERNST MATRAY,Q2080113,PETRA BERNDT,34
14664,ERNST MATRAY,Q7299012,RAYMOND MEARNS,34
14664,ERNST MATRAY,Q103898912,MARY ELLEN RAY,34
14664,ERNST MATRAY,Q970456,KOENA MITRA,34
14664,ERNST MATRAY,Q24706281,BERT MARCUS,34
14664,ERNST MATRAY,Q1572466,KARY BARNET,34
14664,ERNST MATRAY,Q12765443,ERNEST SMIGURA,34
14664,ERNST MATRAY,Q16231429,FAYE MARSAY,34
14664,ERNST MATRAY,Q1358905,ERNST KARCHOW,34
14664,ERNST MATRAY,Q4961373,BRENT EMERY,33
14664,ERNST MATRAY,Q16554804,EVAR MARAN,33
14664,ERNST MATRAY,Q1356407,ERNEST LENART,33
14664,ERNST MATRAY,Q559086,CHRISTIAN MATRAS,33
14664,ERNST MATRAY,Q20652390,AMIT MAITRA,33
14664,ERNST MATRAY,Q3732295,ERNESTO MUROLO,33
14664,ERNST MATRAY,Q57266,ERNST TOLLER,33
14664,ERNST MATRAY,Q355582,WALTER PERKINS,33
14664,ERNST MATRAY,Q3328202,MURRAY LERNER,33
14664,ERNST MATRAY,Q61725716,TAMARA ERDE,33
14664,ERNST MATRAY,Q524733,TAMARA JENKINS,33
14664,ERNST MATRAY,Q21468455,ERNESTO GRAU,33
14664,ERNST MATRAY,Q58583,ERNST ROHM,33
14664,ERNST MATRAY,Q21407433,ERNEST RUPP,33
14664,ERNST MATRAY,Q3266352,MATREYA FEDOR,33
14664,ERNST MATRAY,Q319967,CARL BERNSTEIN,33
14664,ERNST MATRAY,Q1359748,ERNST PETERSEN,33
14664,ERNST MATRAY,Q16012937,RAY CAMERON,33
14664,ERNST MATRAY,Q16176223,ERNEST PRAKASA,33
14664,ERNST MATRAY,Q1658977,MARIA AUER,33
14664,ERNST MATRAY,Q107136277,MARTA BERGMAN,33
14664,ERNST MATRAY,Q186630,ERNESTO SABATO,33
14664,ERNST MATRAY,Q511948,MARSHA HUNT,33
14664,ERNST MATRAY,Q18923155,ERNST KAHLER,33
14664,ERNST MATRAY,Q16492760,ERNESTO FAMA,33
14664,ERNST MATRAY,Q51392292,RAY LAVERS,33
14664,ERNST MATRAY,Q7340822,MARIE FERET,33
14664,ERNST MATRAY,Q320336,TERRY FROST,32
14664,ERNST MATRAY,Q1359986,ERNST ROLF,32
14664,ERNST MATRAY,Q462129,KAJSA ERNST,32
14664,ERNST MATRAY,Q5006429,C. ERNST HARTH,32
14664,ERNST MATRAY,Q62859364,SARA BERNSTEIN,32
14664,ERNST MATRAY,Q4284352,BEN MASTERS,32
14664,ERNST MATRAY,Q1154195,KEN MATSUDAIRA,32
14664,ERNST MATRAY,Q3852402,MAURA LEONE,32
14664,ERNST MATRAY,Q6490614,LARRY KENT,32
14664,ERNST MATRAY,Q387074,JEAN MITRY,32
14664,ERNST MATRAY,Q5393723,ERNEST RAYMOND,32
14664,ERNST MATRAY,Q66124590,KIRSTY MATHER,32
14664,ERNST MATRAY,Q4567392,BERNT STROM,32
14664,ERNST MATRAY,Q1277670,MARSHALL GRANT,32
14664,ERNST MATRAY,Q3195422,KEREN MARCIANO,32
14664,ERNST MATRAY,Q5389180,ERIN MACKEY,32
14664,ERNST MATRAY,Q4710794,ALBERT MARRAMA,32
14664,ERNST MATRAY,Q1599606,MARGA LINDT,32
14664,ERNST MATRAY,Q7831216,TRACEY DEER,32
14664,ERNST MATRAY,Q6779534,MARY FINSTERER,32
14664,ERNST MATRAY,Q2883234,MARIA DURAN,31
14664,ERNST MATRAY,Q2846114,ANDERS MASTRUP,31
14664,ERNST MATRAY,Q21154186,MARIA HERVAS,31
14664,ERNST MATRAY,Q3057380,ERNST UMHAUER,31
14664,ERNST MATRAY,Q97132399,MARIA HERITIER,31
14664,ERNST MATRAY,Q1507029,MARIA FRIS,31
14664,ERNST MATRAY,Q11749504,KRZYSZTOF MATERNA,31
14664,ERNST MATRAY,Q15434518,ALBERT PATRY,31
14664,ERNST MATRAY,Q27042215,ELIAS MATAR,31
14664,ERNST MATRAY,Q6777353,MARTY ALLEN,31
14664,ERNST MATRAY,Q5212416,DAMIEN DEMATRA,31
14664,ERNST MATRAY,Q1360278,ERNST STEFFAN,31
14664,ERNST MATRAY,Q6003848,MARIA FIGUERAS,31
14664,ERNST MATRAY,Q44775,ERNST JANDL,31
14664,ERNST MATRAY,Q87837524,IRENE MORAY,31
14664,ERNST MATRAY,Q33123464,ERNST PLHAK,31
14664,ERNST MATRAY,Q12325990,MARIA ERWOLTER,31
14664,ERNST MATRAY,Q59776759,SARAH BURNS,31
14664,ERNST MATRAY,Q6082250,MERT TURAK,31
14664,ERNST MATRAY,Q6368390,KARAN MALHOTRA,31
14664,ERNST MATRAY,Q20744396,MARGARET BERT,31
14664,ERNST MATRAY,Q95069236,MIRO BERNAT,31
14664,ERNST MATRAY,Q15811342,GARY BESTLA,31
14664,ERNST MATRAY,Q774280,FERENC MORA,31
14664,ERNST MATRAY,Q5370943,EMERSON TREACY,31
14664,ERNST MATRAY,Q106712659,MARIAN EHRET,30
14664,ERNST MATRAY,Q725629,LARRY EVANS,30
14664,ERNST MATRAY,Q122955,ERNST LOSSA,30
14664,ERNST MATRAY,Q26915613,MARY CRANITCH,30
14664,ERNST MATRAY,Q16657546,ERNST WURMSER,30
14664,ERNST MATRAY,Q3288109,MARC HERMAN,30
14664,ERNST MATRAY,Q11770584,MARTA KOBER,30
14664,ERNST MATRAY,Q3849762,MARNY ENG,30
14664,ERNST MATRAY,Q431506,STACEY KENT,30
14664,ERNST MATRAY,Q7847280,TRUDY GRANT,30
14664,ERNST MATRAY,Q241185,TRACEY EMIN,30
14664,ERNST MATRAY,Q2294935,TRAVIS BEST,30
14664,ERNST MATRAY,Q1360229,ERNST SOLER,30
14664,ERNST MATRAY,Q5394031,ERNEST WITHERS,30
14664,ERNST MATRAY,Q6755395,MARC BERLIN,30
14664,ERNST MATRAY,Q458730,MARTHA FIENNES,30
14664,ERNST MATRAY,Q5639625,ELSA MARVAL,30
14664,ERNST MATRAY,Q25291739,MARTY EWING,29
14664,ERNST MATRAY,Q17382161,MARTA LAURENT,29
14664,ERNST MATRAY,Q5596327,GRANT MASTERS,29
14664,ERNST MATRAY,Q11835403,MARIA HART,29
14664,ERNST MATRAY,Q5393216,ERNEST HARE,29
14664,ERNST MATRAY,Q2776778,MARIA KARSTEN,29
14664,ERNST MATRAY,Q1514412,GERNOT KRAA,29
14664,ERNST MATRAY,Q401777,MARY COSTA,29
14664,ERNST MATRAY,Q2896594,BENOIT MARLEAU,29
14664,ERNST MATRAY,Q18574903,ERNESTO GRASSI,29
14664,ERNST MATRAY,Q5836916,ERNESTO MALBRAN,29
14664,ERNST MATRAY,Q4213144,MARIYA KAPNIST,29
14664,ERNST MATRAY,Q47489237,MARIA BERLINSKA,29
14664,ERNST MATRAY,Q17124677,MARK JOGGERST,28
14664,ERNST MATRAY,Q68323539,MAT BEST,28
14664,ERNST MATRAY,Q21208735,MARY MARTIN,28
14664,ERNST MATRAY,Q16887711,KRITI MALHOTRA,28
14664,ERNST MATRAY,Q76288779,MARCAL CEBRIAN,28
14664,ERNST MATRAY,Q15303952,FAUSTO MATA,28
14664,ERNST MATRAY,Q23304158,MARISELA BERTI,28
14664,ERNST MATRAY,Q17708766,MATT DEHART,28
14664,ERNST MATRAY,Q27057299,MARIA ARTOS,28
14664,ERNST MATRAY,Q1708702,KEN MURRAY,27
14664,ERNST MATRAY,Q6815051,CEREN MORAY,27
14664,ERNST MATRAY,Q1359565,ERNST MUHLRAD,27
14664,ERNST MATRAY,Q533888,HERSHA PARADY,27
14664,ERNST MATRAY,Q446186,MARY BAKER,27
14664,ERNST MATRAY,Q6779580,MARY FRANCIS,27
14664,ERNST MATRAY,Q4946223,MARTA EKSTROM,27
14664,ERNST MATRAY,Q724925,ERNST MULLER,27
14664,ERNST MATRAY,Q4193960,ERNST ZORIN,27
14664,ERNST MATRAY,Q18564799,EVA MARIA JOST,27
14664,ERNST MATRAY,Q106603647,RICK ERNST,27
14664,ERNST MATRAY,Q21473171,BERT O'HARA,27
14664,ERNST MATRAY,Q21728021,BEN MARLEY,27
14664,ERNST MATRAY,Q22092262,GERHARD ERNST,27
14664,ERNST MATRAY,Q22279092,ELAN MASTAI,26
14664,ERNST MATRAY,Q7704413,TERRY FROST,26
14664,ERNST MATRAY,Q3056959,ERNEST FLORMAN,26
14664,ERNST MATRAY,Q1359473,ERNST MEISTER,26
14664,ERNST MATRAY,Q26883986,MARIA ARNAL,26
14664,ERNST MATRAY,Q94810193,ERNST MARTIN,26
14664,ERNST MATRAY,Q6766603,MARK ARNOTT,26
14664,ERNST MATRAY,Q1895834,MARIA ENGLSTORFER,26
14664,ERNST MATRAY,Q6781924,MARIA BELON,25
14664,ERNST MATRAY,Q3295087,MART GEVERS,25
14664,ERNST MATRAY,Q77828982,MARTA KELER,25
14664,ERNST MATRAY,Q105082351,MAURYNE BRENT,25
14664,ERNST MATRAY,Q540659,MARK DERWIN,25
14664,ERNST MATRAY,Q6817957,MERATA MITA,25
14664,ERNST MATRAY,Q13081836,ENES ZLATAR,25
14664,ERNST MATRAY,Q92095273,MARTA ELBERT,25
14664,ERNST MATRAY,Q25844678,MAURA ANDERSON,25
14664,ERNST MATRAY,Q4397202,ERNST ROMANOV,24
14664,ERNST MATRAY,Q7150519,PAUL ERNST,24
14664,ERNST MATRAY,Q26997634,RAY LAURENT,24
14664,ERNST MATRAY,Q764591,ERNEST HAYCOX,24
14664,ERNST MATRAY,Q4939005,MARTINA BIGERT,24
14664,ERNST MATRAY,Q7680794,TAMARA HEXT,23
14664,ERNST MATRAY,Q12814874,MARTA KENDE,23
14664,ERNST MATRAY,Q264672,MARY CHRISTY,23
14664,ERNST MATRAY,Q6779958,MARY JORDAN,23
14664,ERNST MATRAY,Q116795,ERNST ZAHN,23
14664,ERNST MATRAY,Q7680773,TAMARA BENITEZ,23
14664,ERNST MATRAY,Q106205362,PETER STRAY,23
14664,ERNST MATRAY,Q1212670,BENCE MATYASSY,22
14664,ERNST MATRAY,Q923306,CHRISTIAN MARCLAY,22
14664,ERNST MATRAY,Q4214268,DENIS KARASYOV,22
14664,ERNST MATRAY,Q95650778,KATERINA CERNA,22
14664,ERNST MATRAY,Q1358934,ERNST KAUFMANN,22
14664,ERNST MATRAY,Q27041784,SAMANTHA GRANT,22
14664,ERNST MATRAY,Q6779189,MARY CASTLE,22
14664,ERNST MATRAY,Q4957212,MARY JOHNSTON,22
14664,ERNST MATRAY,Q1358238,ERNST GARDEN,22
14664,ERNST MATRAY,Q1360245,ERNST SORGE,21
14664,ERNST MATRAY,Q95703332,MANJA EVERS,21
14664,ERNST MATRAY,Q23280360,MANASSE HERBST,21
14664,ERNST MATRAY,Q35881492,ERNST GEYER,20
14664,ERNST MATRAY,Q4895341,BERT TRACY,20
14664,ERNST MATRAY,Q6773560,MARSHALL EFRON,20
14664,ERNST MATRAY,Q87920974,THOMAS ERNST,20
14664,ERNST MATRAY,Q72881709,MARCO BENTZ,19
14664,ERNST MATRAY,Q47507076,ARON MATYASSY,18
14664,ERNST MATRAY,Q22069474,ERNESTO MARTINEZ,17
14664,ERNST MATRAY,Q1359404,ERNST MARBOE,17
14664,ERNST MATRAY,Q90483,ERNST OTTWALT,16
14664,ERNST MATRAY,Q90070,GUSTAV ERNST,15
14664,ERNST MATRAY,Q100934021,ENIS SARACI,14
14664,ERNST MATRAY,Q3850450,MARY CORWYN,14
14664,ERNST MATRAY,Q242752,MARY GARDEN,13
14664,ERNST MATRAY,Q13054008,MARIA BEROYAN,10
14664,ERNST MATRAY,Q96245724,RHYS ERNST,7
14664,ERNST MATRAY,Q76454224,MARIE DYRST,0
14664,ERNST MATRAY,Q1359088,ERNST KUHR,0
14664,ERNST MATRAY,Q16298972,ELSA MARIA,0
14664,ERNST MATRAY,Q1468604,MARTA ZARAY,0
14664,ERNST MATRAY,Q1426004,MARY BAUERMEISTER,0
14664,ERNST MATRAY,Q94864308,ERWIN MARNO,0
14664,ERNST MATRAY,Q1360098,ERNST SCHMIDT,0
14664,ERNST MATRAY,Q95094444,MATEJ BERAN,0
14664,ERNST MATRAY,Q95673455,MARA HETZEL,0
14664,ERNST MATRAY,Q17537039,MARC HERTEL,0
14664,ERNST MATRAY,Q95713679,MARIA LANER,0
14664,ERNST MATRAY,Q95771532,ALBERT MANERA,0
14664,ERNST MATRAY,Q12795814,MARIO FOERSTER,0
14664,ERNST MATRAY,Q12257060,ERNESTO TELLERIA,0
14664,ERNST MATRAY,Q12043158,OTA ORNEST,0
14664,ERNST MATRAY,Q11685990,MARK ARNSHTEYN,0
14664,ERNST MATRAY,Q106712650,ERNST KUBITZA,0
14664,ERNST MATRAY,Q165121,ERNEST MANDEL,0
14664,ERNST MATRAY,Q22006371,ROY FENSTAD,0
14664,ERNST MATRAY,Q19816500,MARTIN DERUNGS,0
14664,ERNST MATRAY,Q71575397,JEROEN MARGRY,0
14664,ERNST MATRAY,Q6761181,MARIA ESPINOSA,0
14664,ERNST MATRAY,Q63962,ERNST SCHAFER,0
14664,ERNST MATRAY,Q62081510,TORA RAKNES,0
14664,ERNST MATRAY,Q5899560,ERNST KAPER,0
14664,ERNST MATRAY,Q5726038,ERNST FASTBOM,0
14664,ERNST MATRAY,Q5659468,MARIA GRANA,0
14664,ERNST MATRAY,Q5646694,MARIA JAEN,0
14664,ERNST MATRAY,Q4947208,MARIA ESSEN,0
14664,ERNST MATRAY,Q4284973,DENIS MATROSOV,0
14664,ERNST MATRAY,Q4095817,MARIAN BRANDYS,0
14664,ERNST MATRAY,Q39141445,KAREN ERNST,0
14664,ERNST MATRAY,Q38054915,ERNST MENTZE,0
14664,ERNST MATRAY,Q37491435,MARY HENNINGS,0
14664,ERNST MATRAY,Q30524100,JENS TOMAT,0
14664,ERNST MATRAY,Q896918,OTTMAR GERSTER,0
14664,ERNST MATRAY,Q27863159,RAYK ANDERS,0
14664,ERNST MATRAY,Q2331893,FRANS MAAS,0
14664,ERNST MATRAY,Q3288120,MARC HEBERT,0
