acmi_id,acmi_name,wikidata_id,wikidata_name,match
19007,OUTLOOK,Q33125565,LOULOU,21
