acmi_id,acmi_name,wikidata_id,wikidata_name,match
78624,STEVEN A JONES,Q2434094,TIM JONES,65
78624,STEVEN A JONES,Q7172049,PETE JONES,61
78624,STEVEN A JONES,Q20081909,LOUIS STEVENS,60
78624,STEVEN A JONES,Q3329601,STEVE REEVIS,60
78624,STEVEN A JONES,Q705477,STEVEN BAUER,60
78624,STEVEN A JONES,Q6263287,JOHN STEVENSON,58
78624,STEVEN A JONES,Q7612676,STEVE GOLIN,58
78624,STEVEN A JONES,Q7614426,STEVEN A. KATZ,57
78624,STEVEN A JONES,Q7614534,STEVEN C. MILLER,56
78624,STEVEN A JONES,Q1684856,JEAN-FRANCOIS STEVENIN,56
78624,STEVEN A JONES,Q18168081,STEVE HOBAN,56
78624,STEVEN A JONES,Q2346799,STEVE ALAIMO,55
78624,STEVEN A JONES,Q1667630,STEVEN GERAY,55
78624,STEVEN A JONES,Q773242,STEPHEN ROBERTS,55
78624,STEVEN A JONES,Q379811,DANIEL STERN,54
78624,STEVEN A JONES,Q2623963,STEVE ANTIN,52
78624,STEVEN A JONES,Q507640,ANDREW STEVENS,50
78624,STEVEN A JONES,Q707538,STEPHEN DILLANE,50
78624,STEVEN A JONES,Q2925592,BRINKE STEVENS,50
78624,STEVEN A JONES,Q16885875,MARK STEVENS,50
78624,STEVEN A JONES,Q71247742,STEFFEN RODE,50
78624,STEVEN A JONES,Q26828329,STEVE ABRUZZESE,50
78624,STEVEN A JONES,Q741572,STEVE JAMES,50
78624,STEVEN A JONES,Q3441799,RONNIE STEVENS,50
78624,STEVEN A JONES,Q7609974,STEPHEN MEADOWS,50
78624,STEVEN A JONES,Q761490,PETER JONES,50
78624,STEVEN A JONES,Q1964387,LESLIE JONES,50
78624,STEVEN A JONES,Q958385,DAN STEVENS,50
78624,STEVEN A JONES,Q192955,STEVE NASH,50
78624,STEVEN A JONES,Q1906421,STEVE EVETS,50
78624,STEVEN A JONES,Q443538,EVELYN ANKERS,48
78624,STEVEN A JONES,Q47330826,STEVEN HARRISON,48
78624,STEVEN A JONES,Q51490,GEORGE STEVENS,48
78624,STEVEN A JONES,Q2568027,STEVEN KEATS,48
78624,STEVEN A JONES,Q7610295,STEPHEN QUADROS,48
78624,STEVEN A JONES,Q546777,ROBERT STEVENS,48
78624,STEVEN A JONES,Q83161467,STEVE ORGAN,48
78624,STEVEN A JONES,Q316709,STEVE COOGAN,47
78624,STEVEN A JONES,Q438574,TOVE MAES,47
78624,STEVEN A JONES,Q3498868,STEVE BRODIE,47
78624,STEVEN A JONES,Q61671958,STEVEN EASTWOOD,47
78624,STEVEN A JONES,Q166159,TERRY JONES,47
78624,STEVEN A JONES,Q4755946,ANDREI SEVERNY,46
78624,STEVEN A JONES,Q15104233,STEVEN PRICE,46
78624,STEVEN A JONES,Q467450,JESSICA STEEN,46
78624,STEVEN A JONES,Q1277167,EARL ST. JOHN,46
78624,STEVEN A JONES,Q218211,ZOE LISTER-JONES,46
78624,STEVEN A JONES,Q16734408,STEVEN PEROS,45
78624,STEVEN A JONES,Q7615130,STEVEN PAUL,45
78624,STEVEN A JONES,Q7614757,STEVEN GONZALES,45
78624,STEVEN A JONES,Q489199,STEVE BARRON,45
78624,STEVEN A JONES,Q262507,CONNIE STEVENS,45
78624,STEVEN A JONES,Q2800093,STEVEN O'DONNELL,45
78624,STEVEN A JONES,Q16473,STEVE MARTIN,45
78624,STEVEN A JONES,Q153372,CHARLES STEVENS,45
78624,STEVEN A JONES,Q363402,STEPHEN SOMMERS,45
78624,STEVEN A JONES,Q3542639,TY JONES,45
78624,STEVEN A JONES,Q6188207,BJORN STEIN,45
78624,STEVEN A JONES,Q1339924,STEVEN MACKINTOSH,45
78624,STEVEN A JONES,Q574025,ANTHONY STEFFEN,45
78624,STEVEN A JONES,Q1320761,MARK STEVEN JOHNSON,45
78624,STEVEN A JONES,Q1673199,ONSLOW STEVENS,44
78624,STEVEN A JONES,Q272412,FRANCES STERNHAGEN,44
78624,STEVEN A JONES,Q23893822,JON VAN NESS,44
78624,STEVEN A JONES,Q459955,STEVE AOKI,44
78624,STEVEN A JONES,Q3498847,STEVE BANNOS,44
78624,STEVEN A JONES,Q325070,SIMON JONES,44
78624,STEVEN A JONES,Q2123345,STEVEN BOEN,44
78624,STEVEN A JONES,Q669354,STEVE KOREN,44
78624,STEVEN A JONES,Q1346639,STEVEN FRANKEN,44
78624,STEVEN A JONES,Q6387351,KEN BONES,44
78624,STEVEN A JONES,Q6132212,JAMES D. STERN,43
78624,STEVEN A JONES,Q6396178,KEVIN DOWNES,43
78624,STEVEN A JONES,Q328256,SAGAMORE STEVENIN,43
78624,STEVEN A JONES,Q12302175,ARNE SIEMSEN,43
78624,STEVEN A JONES,Q312902,STEPHEN LANG,43
78624,STEVEN A JONES,Q296822,VINNIE JONES,43
78624,STEVEN A JONES,Q153239,AL ST. JOHN,43
78624,STEVEN A JONES,Q2707974,RISE STEVENS,43
78624,STEVEN A JONES,Q269244,TREVOR JONES,43
78624,STEVEN A JONES,Q1166925,STEVE KAHAN,43
78624,STEVEN A JONES,Q7614580,STEVEN CONRAD,43
78624,STEVEN A JONES,Q7614987,STEVEN LO,43
78624,STEVEN A JONES,Q2344622,STEPHEN DADE,43
78624,STEVEN A JONES,Q216221,STEVE CARELL,43
78624,STEVEN A JONES,Q1285062,STEVE HOWEY,43
78624,STEVEN A JONES,Q3051723,ELSA JANSSEN,43
78624,STEVEN A JONES,Q434453,INGER STEVENS,43
78624,STEVEN A JONES,Q17721805,STEPHEN CONE,42
78624,STEVEN A JONES,Q7608548,STEPHEN A. SMITH,42
78624,STEVEN A JONES,Q3973330,STEVE EASTIN,42
78624,STEVEN A JONES,Q529160,NAOMI STEVENS,42
78624,STEVEN A JONES,Q6790480,MATTHEW F. JONES,42
78624,STEVEN A JONES,Q23900757,STEVEN ANDERSON,42
78624,STEVEN A JONES,Q7613180,STEVE LONDON,42
78624,STEVEN A JONES,Q471957,STEVE KANALY,42
78624,STEVEN A JONES,Q935735,RON JONES,42
78624,STEVEN A JONES,Q7614407,STEVEN-CHARLES JAFFE,42
78624,STEVEN A JONES,Q18920,STEVE JABLONSKY,42
78624,STEVEN A JONES,Q522884,STEVE BRAUN,42
78624,STEVEN A JONES,Q3294620,LESLIE STEVENS,42
78624,STEVEN A JONES,Q1922184,MERVYN JOHNS,42
78624,STEVEN A JONES,Q2216597,SAM O'STEEN,42
78624,STEVEN A JONES,Q7615177,STEVEN R. MONROE,42
78624,STEVEN A JONES,Q62899,STEVE MANN,42
78624,STEVEN A JONES,Q3437193,ROBINSON STEVENIN,42
78624,STEVEN A JONES,Q1498498,SAM J. JONES,42
78624,STEVEN A JONES,Q260146,JOAN SEVERANCE,42
78624,STEVEN A JONES,Q7615202,STEVEN ROBERTSON,41
78624,STEVEN A JONES,Q7611767,STEVE AGEE,41
78624,STEVEN A JONES,Q781634,STEVE EARLE,41
78624,STEVEN A JONES,Q1305284,MORTON STEVENS,41
78624,STEVEN A JONES,Q537892,MARK STEVENS,41
78624,STEVEN A JONES,Q622636,SPIKE JONES,41
78624,STEVEN A JONES,Q6163552,JASON STEVENS,40
78624,STEVEN A JONES,Q2346772,STEVAN LARNER,40
78624,STEVEN A JONES,Q21401929,STEVE SHEMAYNE,40
78624,STEVEN A JONES,Q58537854,JOOST SEELEN,40
78624,STEVEN A JONES,Q6189934,MORGAN STEVENS,40
78624,STEVEN A JONES,Q3499189,STEVEN BRAMSON,40
78624,STEVEN A JONES,Q3307969,MICHAEL A. STEVENSON,40
78624,STEVEN A JONES,Q7615005,STEVEN M. RALES,40
78624,STEVEN A JONES,Q22920351,LEON B. STEVENS,40
78624,STEVEN A JONES,Q5214844,DANA STEVENS,40
78624,STEVEN A JONES,Q3499264,STEVEN QUALE,40
78624,STEVEN A JONES,Q56065747,STEPHEN A. CHANG,40
78624,STEVEN A JONES,Q7347186,ROBERT M. STEVENS,40
78624,STEVEN A JONES,Q6416089,KIRSTEN JOHNSON,40
78624,STEVEN A JONES,Q3182519,JOHN STEPHENSON,40
78624,STEVEN A JONES,Q234691,STEVIE NICKS,40
78624,STEVEN A JONES,Q2347009,STEVE HARVEY,40
78624,STEVEN A JONES,Q2347025,STEVE HUDSON,40
78624,STEVEN A JONES,Q358193,STEVE REEVES,40
78624,STEVEN A JONES,Q35985672,ANNIE JESSEN,40
78624,STEVEN A JONES,Q7612609,STEVE GAINER,40
78624,STEVEN A JONES,Q724018,STEVEN E. DE SOUZA,40
78624,STEVEN A JONES,Q3973335,STEVE FRANKS,40
78624,STEVEN A JONES,Q461825,STEPHEN JACKSON,40
78624,STEVEN A JONES,Q99903037,STEPHEN MANAS,40
78624,STEVEN A JONES,Q1704075,JOS STELLING,40
78624,STEVEN A JONES,Q12337951,SVEND JOHANSEN,40
78624,STEVEN A JONES,Q1361175,JOSEPH STEIN,40
78624,STEVEN A JONES,Q1339107,STEVE LAWRENCE,40
78624,STEVEN A JONES,Q107404,STEVE MINER,40
78624,STEVEN A JONES,Q1530432,CONAN STEVENS,40
78624,STEVEN A JONES,Q12338581,SOREN STEEN,40
78624,STEVEN A JONES,Q17309218,KEN JONES,40
78624,STEVEN A JONES,Q485152,JO HAN-SEON,39
78624,STEVEN A JONES,Q435434,STEPHEN COLLINS,39
78624,STEVEN A JONES,Q3498879,STEVE CARVER,39
78624,STEVEN A JONES,Q60341,SEAN ANDERS,39
78624,STEVEN A JONES,Q24705692,DALE STEVENS,39
78624,STEVEN A JONES,Q362061,STEVE KLOVES,39
78624,STEVEN A JONES,Q16207201,STEVEN ELDER,38
78624,STEVEN A JONES,Q2347045,STEVE JAMES,38
78624,STEVEN A JONES,Q6134233,STEVE BASTONI,38
78624,STEVEN A JONES,Q707158,NATHAN JONES,38
78624,STEVEN A JONES,Q107049738,SERENA SANDE,38
78624,STEVEN A JONES,Q72870894,DANNY TEECE-JOHNSON,38
78624,STEVEN A JONES,Q2347566,STEVEN GILBORN,38
78624,STEVEN A JONES,Q7612124,STEVE BYRNE,38
78624,STEVEN A JONES,Q23059557,ANUK STEFFEN,38
78624,STEVEN A JONES,Q7613572,STEVE PEACOCKE,38
78624,STEVEN A JONES,Q89189377,STEVEN M. MARTIN,38
78624,STEVEN A JONES,Q107021764,RYAN STEPHEN,38
78624,STEVEN A JONES,Q2698678,STEVE KRANTZ,38
78624,STEVEN A JONES,Q16019576,JAMES STEVENS,38
78624,STEVEN A JONES,Q541304,STEVEN FORD,38
78624,STEVEN A JONES,Q6530936,LESLIE JONES,38
78624,STEVEN A JONES,Q98929595,STEVE ROBERTS,38
78624,STEVEN A JONES,Q28868021,STEVEN POSTER,38
78624,STEVEN A JONES,Q20203018,STEPHEN AUER,38
78624,STEVEN A JONES,Q2023078,STEVEN BEST,38
78624,STEVEN A JONES,Q946791,STEVE SANDVOSS,38
78624,STEVEN A JONES,Q577409,STEVE BYERS,38
78624,STEVEN A JONES,Q310450,STEVE DAVIS,38
78624,STEVEN A JONES,Q998528,STEPHEN A. ROTTER,38
78624,STEVEN A JONES,Q16732918,STEPHEN MOST,38
78624,STEVEN A JONES,Q102606,STEFFEN JURGENS,38
78624,STEVEN A JONES,Q1682280,JAN TENHAVEN,38
78624,STEVEN A JONES,Q572248,DAVE STEVENS,37
78624,STEVEN A JONES,Q507996,ANNA STEN,37
78624,STEVEN A JONES,Q7612508,STEVE FABER,37
78624,STEVEN A JONES,Q5626695,GOSTA STEVENS,37
78624,STEVEN A JONES,Q317350,JOHN TAVENER,37
78624,STEVEN A JONES,Q42880707,STEVEN SHAW,37
78624,STEVEN A JONES,Q553276,STEVE ALLEN,36
78624,STEVEN A JONES,Q7612754,STEVE HANFT,36
78624,STEVEN A JONES,Q9345795,STEVE HYTNER,36
78624,STEVEN A JONES,Q3183242,JON STONE,36
78624,STEVEN A JONES,Q7611855,STEVE BALDERSON,36
78624,STEVEN A JONES,Q1190511,STEVEN BRAND,36
78624,STEVEN A JONES,Q28811055,STEEN JOHANNESSEN,36
78624,STEVEN A JONES,Q7614909,STEVEN KENT AUSTIN,36
78624,STEVEN A JONES,Q18631457,JANET STEVENSON,36
78624,STEVEN A JONES,Q255277,EVE ANGEL,36
78624,STEVEN A JONES,Q38402789,STEEN DALIN,36
78624,STEVEN A JONES,Q709076,STEPHEN HOPKINS,36
78624,STEVEN A JONES,Q7614659,STEVEN E. GORDON,36
78624,STEVEN A JONES,Q444146,AMBER STEVENS,36
78624,STEVEN A JONES,Q7613084,STEVE KRAMER,36
78624,STEVEN A JONES,Q7615002,STEVEN M. MARTIN,36
78624,STEVEN A JONES,Q1576092,HANNES STELZER,36
78624,STEVEN A JONES,Q3618943,ANTONELLA STENI,36
78624,STEVEN A JONES,Q3499104,STEVE SHAGAN,35
78624,STEVEN A JONES,Q2554273,ARNE SIERENS,35
78624,STEVEN A JONES,Q7613412,STEVE MOORE,35
78624,STEVEN A JONES,Q3292539,SALOME STEVENIN,35
78624,STEVEN A JONES,Q3498508,STEPHEN BARTON,35
78624,STEVEN A JONES,Q2566361,JAN STEEN,35
78624,STEVEN A JONES,Q180850,TOM JONES,35
78624,STEVEN A JONES,Q721662,STEVEN SHAINBERG,35
78624,STEVEN A JONES,Q7353634,ROBYN STEVAN,35
78624,STEVEN A JONES,Q1442301,STEVE FORREST,35
78624,STEVEN A JONES,Q27043582,STEVEN JOHNSON,35
78624,STEVEN A JONES,Q1697471,JOHANNES F. SIEVERT,35
78624,STEVEN A JONES,Q1701816,JOHN STEINER,35
78624,STEVEN A JONES,Q1699526,SIENA GOINES,35
78624,STEVEN A JONES,Q15437892,STEVEN ROGERS,35
78624,STEVEN A JONES,Q21527138,STEVEN SCALES,35
78624,STEVEN A JONES,Q7609554,STEPHEN IVES,35
78624,STEVEN A JONES,Q2826928,AGNES VERNON,35
78624,STEVEN A JONES,Q3166420,JEAN-JACQUES STEEN,35
78624,STEVEN A JONES,Q23761344,RAJESH SELVA,35
78624,STEVEN A JONES,Q1458222,STEVE PARSONS,34
78624,STEVEN A JONES,Q7615122,STEVEN PALLOS,34
78624,STEVEN A JONES,Q3498589,STEPHEN KANDEL,34
78624,STEVEN A JONES,Q272007,JOAN VAN ARK,34
78624,STEVEN A JONES,Q19371708,ANDERS TEIGEN,34
78624,STEVEN A JONES,Q3968304,STAR JONES,34
78624,STEVEN A JONES,Q61268427,STEVE JONES,34
78624,STEVEN A JONES,Q3499176,STEVEN BANKS,34
78624,STEVEN A JONES,Q16990431,JOHANNA AF SCHULTEN,33
78624,STEVEN A JONES,Q28002564,STEVEN J. SCOTT,33
78624,STEVEN A JONES,Q2632767,STEVE RASH,33
78624,STEVEN A JONES,Q28317010,PRAJESH SEN,33
78624,STEVEN A JONES,Q7611869,STEVE BARNES,33
78624,STEVEN A JONES,Q7608734,STEPHEN BLAUNER,33
78624,STEVEN A JONES,Q7609604,STEPHEN JOHN DAVIES,33
78624,STEVEN A JONES,Q1738621,KEN JONES,33
78624,STEVEN A JONES,Q26913425,STEVEN L. ANDERSON,33
78624,STEVEN A JONES,Q26759629,A. JONES,33
78624,STEVEN A JONES,Q35984793,STEEN FROHNE,33
78624,STEVEN A JONES,Q1807479,RON JONES,33
78624,STEVEN A JONES,Q2372366,STEVE BARTEK,33
78624,STEVEN A JONES,Q14436762,MICHAEL STEVENS,33
78624,STEVEN A JONES,Q7615269,STEVEN SILLS,33
78624,STEVEN A JONES,Q451501,STEVE-O,33
78624,STEVEN A JONES,Q7614889,STEVEN KAMPMANN,33
78624,STEVEN A JONES,Q22115227,STEVEN BOGNAR,33
78624,STEVEN A JONES,Q5934715,SVEN LANGE,33
78624,STEVEN A JONES,Q41236246,STEFFEN NIELSEN,33
78624,STEVEN A JONES,Q6005665,STEVE NESSER,33
78624,STEVEN A JONES,Q3973364,STEVE MAKAJ,33
78624,STEVEN A JONES,Q394570,AGNES KITTELSEN,33
78624,STEVEN A JONES,Q2346994,STEVE GORN,33
78624,STEVEN A JONES,Q2347223,STEVE NILES,33
78624,STEVEN A JONES,Q29419919,JANNE SEVTSENKO,33
78624,STEVEN A JONES,Q366664,SAM JONES,33
78624,STEVEN A JONES,Q24851443,STEVEN J. KUNG,33
78624,STEVEN A JONES,Q6212508,JOE STEPHENSON,33
78624,STEVEN A JONES,Q656258,STEVE LANDESBERG,33
78624,STEVEN A JONES,Q12328832,NIELS JORGEN STEEN,33
78624,STEVEN A JONES,Q2468051,STEVE O'ROURKE,33
78624,STEVEN A JONES,Q23832052,STEPHEN GARTNER,33
78624,STEVEN A JONES,Q7613448,STEVE NALLON,33
78624,STEVEN A JONES,Q1000631,STEFFEN GRABNER,33
78624,STEVEN A JONES,Q1561322,HANNES STELZER,32
78624,STEVEN A JONES,Q5082672,CHARLES STEVENSON,32
78624,STEVEN A JONES,Q4980447,CARRIE STEVENS,32
78624,STEVEN A JONES,Q486575,JO SEONG-HA,32
78624,STEVEN A JONES,Q4756118,ANDRES LEVIN,32
78624,STEVEN A JONES,Q47117253,STEVEN A. GRASSE,32
78624,STEVEN A JONES,Q710900,STEVEN PARENT,32
78624,STEVEN A JONES,Q63615266,STEVE BARNETT,32
78624,STEVEN A JONES,Q16146870,STEVE BANNON,32
78624,STEVEN A JONES,Q326903,JOHN HAHN-PETERSEN,32
78624,STEVEN A JONES,Q3808160,JESSIE STEVENS,32
78624,STEVEN A JONES,Q6834622,MICHAEL STEVENS,32
78624,STEVEN A JONES,Q3760648,GEORGE STEVENS,32
78624,STEVEN A JONES,Q3182524,JOHN STEPHENSON,32
78624,STEVEN A JONES,Q3742492,VAN JONES,32
78624,STEVEN A JONES,Q6163550,JASON STEPHENS,32
78624,STEVEN A JONES,Q41793085,STEVE JAMISON,32
78624,STEVEN A JONES,Q30238880,STEVEN LEVENSON,32
78624,STEVEN A JONES,Q75507177,JENS ASBJORN SEEHUUSEN,32
78624,STEVEN A JONES,Q1767184,STEVE NEWMAN,32
78624,STEVEN A JONES,Q7612946,STEVE JODRELL,32
78624,STEVEN A JONES,Q7612985,STEVE KARMEN,32
78624,STEVEN A JONES,Q26914792,ADAM R. JONES,32
78624,STEVEN A JONES,Q24686380,STEPHEN APKON,32
78624,STEVEN A JONES,Q24661045,JON SHENK,32
78624,STEVEN A JONES,Q108726148,STEVEN M. PORTER,32
78624,STEVEN A JONES,Q77571,STEVE HOLMES,32
78624,STEVEN A JONES,Q1973704,STEPHEN AMES,32
78624,STEVEN A JONES,Q7615065,STEVEN MOLONY,32
78624,STEVEN A JONES,Q2405722,PAUL STEVENS,32
78624,STEVEN A JONES,Q7612896,STEVE HUISON,32
78624,STEVEN A JONES,Q2346903,STEVE COLLINS,32
78624,STEVEN A JONES,Q106602967,JUSTIN JONES,32
78624,STEVEN A JONES,Q22704558,STEPHEN PAYNE,32
78624,STEVEN A JONES,Q2314995,STEVEN DE JONG,32
78624,STEVEN A JONES,Q7608585,STEPHEN AMIS,32
78624,STEVEN A JONES,Q7614754,STEVEN GOLDMANN,32
78624,STEVEN A JONES,Q4171495,STEVE BOND,31
78624,STEVEN A JONES,Q3498858,STEVE BINDER,31
78624,STEVEN A JONES,Q7613835,STEVE SAINT,31
78624,STEVEN A JONES,Q23761927,STEVE MAZAN,31
78624,STEVEN A JONES,Q7614443,STEVEN ALEXANDER,31
78624,STEVEN A JONES,Q7613405,STEVE MONROE,31
78624,STEVEN A JONES,Q3498963,STEVE JACOBS,31
78624,STEVEN A JONES,Q3498993,STEVE LONG,31
78624,STEVEN A JONES,Q2439753,TOM JONES,31
78624,STEVEN A JONES,Q20685671,STEVEN BOYER,31
78624,STEVEN A JONES,Q7614458,STEVEN ASCHER,31
78624,STEVEN A JONES,Q3498875,STEVE CARLSON,31
78624,STEVEN A JONES,Q5213767,DAN JONES,31
78624,STEVEN A JONES,Q29862854,STEVE ARNOLD,31
78624,STEVEN A JONES,Q1686019,JEANNE STERN,31
78624,STEVEN A JONES,Q119634,HANS STETTER,31
78624,STEVEN A JONES,Q17042944,STEVEN F. LAWSON,30
78624,STEVEN A JONES,Q95229136,ANDREAS STEFFAN,30
78624,STEVEN A JONES,Q2443799,RENEE JONES,30
78624,STEVEN A JONES,Q93258819,JOONAS NEUVONEN,30
78624,STEVEN A JONES,Q7491520,SHAWNEE FREE JONES,30
78624,STEVEN A JONES,Q7613467,STEVE NGUYEN,30
78624,STEVEN A JONES,Q7608916,STEPHEN COHN,30
78624,STEVEN A JONES,Q154216,CAT STEVENS,30
78624,STEVEN A JONES,Q107109168,MOON SEUNG-A,30
78624,STEVEN A JONES,Q7613650,STEVE POWERS,30
78624,STEVEN A JONES,Q20671991,JOHN M. STEPHENS,30
78624,STEVEN A JONES,Q6190633,ARNE STIVELL,30
78624,STEVEN A JONES,Q1942940,STEVE RANKIN,30
78624,STEVEN A JONES,Q7609022,STEPHEN DAVIES,30
78624,STEVEN A JONES,Q7609278,STEPHEN G. RHODES,30
78624,STEVEN A JONES,Q83634530,AGNES FEUVRE,30
78624,STEVEN A JONES,Q3511433,SEVERIN-MARS,30
78624,STEVEN A JONES,Q247138,STEVE ARGUELLES,30
78624,STEVEN A JONES,Q7614545,STEVEN CANTOR,30
78624,STEVEN A JONES,Q20670845,JOHN SHEEHAN,30
78624,STEVEN A JONES,Q910568,STEVE JOCZ,30
78624,STEVEN A JONES,Q66025435,GARETH KIERAN JONES,30
78624,STEVEN A JONES,Q347986,STEVE JONES,30
78624,STEVEN A JONES,Q2227611,CAROLINE VAN GASTEL,30
78624,STEVEN A JONES,Q3498912,STEVE DRAKE,30
78624,STEVEN A JONES,Q20651842,SON JONG-HAK,30
78624,STEVEN A JONES,Q39141156,JAN JOHANSEN,29
78624,STEVEN A JONES,Q2877179,STEVEN DROZD,29
78624,STEVEN A JONES,Q1428289,STEVE SPEIRS,29
78624,STEVEN A JONES,Q28200373,SVEN FAULCONER,29
78624,STEVEN A JONES,Q192094,STEVE HARRIS,29
78624,STEVEN A JONES,Q7614504,STEVEN BLUSH,29
78624,STEVEN A JONES,Q106678394,STEFEN HAYES,29
78624,STEVEN A JONES,Q313305,ANGUS T. JONES,29
78624,STEVEN A JONES,Q5981930,IAN JONES,29
78624,STEVEN A JONES,Q929788,STEVEN LEVY,29
78624,STEVEN A JONES,Q21934662,STEVEN HAFT,29
78624,STEVEN A JONES,Q362687,STEVE CARDENAS,29
78624,STEVEN A JONES,Q1998010,SHANE STEVENS,29
78624,STEVEN A JONES,Q2033859,STEVE MASON,29
78624,STEVEN A JONES,Q3108601,STAN JONES,29
78624,STEVEN A JONES,Q3308529,MICHAEL STEVENS,29
78624,STEVEN A JONES,Q12337005,STEEN JORGENSEN,29
78624,STEVEN A JONES,Q446118,SHADOE STEVENS,29
78624,STEVEN A JONES,Q25642629,STEVE RODGERS,29
78624,STEVEN A JONES,Q7612674,STEVE GOMER,29
78624,STEVEN A JONES,Q975919,STEVE HARRIS,29
78624,STEVEN A JONES,Q12301386,ANDERS CHRISTENSEN,29
78624,STEVEN A JONES,Q4980142,EVA STEEN,29
78624,STEVEN A JONES,Q91901619,STEVEN STAVAST,29
78624,STEVEN A JONES,Q5525415,GARY STEVENS,29
78624,STEVEN A JONES,Q556721,STEVEN ST. CROIX,29
78624,STEVEN A JONES,Q98754959,STEVE LANTZ,29
78624,STEVEN A JONES,Q512330,STEVE COHEN,29
78624,STEVEN A JONES,Q3199768,KRISTEN BONE,29
78624,STEVEN A JONES,Q95335619,STEPHEN MANUEL,29
78624,STEVEN A JONES,Q7668173,T. C. JONES,29
78624,STEVEN A JONES,Q7609887,STEPHEN MANES,29
78624,STEVEN A JONES,Q6287177,JOSEPH STEPHENS,29
78624,STEVEN A JONES,Q241665,RACHEL STEVENS,29
78624,STEVEN A JONES,Q106266019,STEVE RACE,29
78624,STEVEN A JONES,Q456219,STEVE BURNS,29
78624,STEVEN A JONES,Q72881937,STEVEN JUDD,29
78624,STEVEN A JONES,Q2237602,STEVE HOEFER,29
78624,STEVEN A JONES,Q4766684,ANN STEPHENS,28
78624,STEVEN A JONES,Q210172,KEVIN JONAS,28
78624,STEVEN A JONES,Q7615199,STEVEN RINELLA,28
78624,STEVEN A JONES,Q20722019,STEVEN SIMONE-FRIEDLAND,28
78624,STEVEN A JONES,Q5562963,STEN AXELSON,28
78624,STEVEN A JONES,Q7613632,STEVE PLYTAS,28
78624,STEVEN A JONES,Q18335871,GEORGE JOHN STEVENSON,28
78624,STEVEN A JONES,Q12320275,JON STEPHENSEN,28
78624,STEVEN A JONES,Q3236707,LES JONES,28
78624,STEVEN A JONES,Q12320092,JOHANNES LASSEN,28
78624,STEVEN A JONES,Q7613181,STEVE LONEGAN,27
78624,STEVEN A JONES,Q2442559,STEVE ALTEN,27
78624,STEVEN A JONES,Q20743086,LEE JONES,27
78624,STEVEN A JONES,Q13560577,JULIE STEVENS,27
78624,STEVEN A JONES,Q5593645,SVEN AAGE ANDERSEN,27
78624,STEVEN A JONES,Q3498838,STEVE ADAMS,27
78624,STEVEN A JONES,Q7613402,STEVE MONARQUE,27
78624,STEVEN A JONES,Q22662502,STEVE COHEN,27
78624,STEVEN A JONES,Q96392,GINA JANSSEN,27
78624,STEVEN A JONES,Q95782239,STEFFEN BOHN,27
78624,STEVEN A JONES,Q6932895,STEVE HAMILTON,27
78624,STEVEN A JONES,Q16968300,STEVEN MCRAE,27
78624,STEVEN A JONES,Q1749876,STEVEN PASQUALE,27
78624,STEVEN A JONES,Q27043773,ABI KING-JONES,27
78624,STEVEN A JONES,Q5207101,D. STEVENS,27
78624,STEVEN A JONES,Q95217210,STEVEN GORELICK,27
78624,STEVEN A JONES,Q62964237,JOHN SHEEHAN,27
78624,STEVEN A JONES,Q76448837,MOGENS STEEN KRUSE,27
78624,STEVEN A JONES,Q23774014,STEVE LAPLANTE,27
78624,STEVEN A JONES,Q24007397,STEVE JOHNSON,27
78624,STEVEN A JONES,Q89098425,STEPHEN EVANS,27
78624,STEVEN A JONES,Q6085681,PRESTON JONES,27
78624,STEVEN A JONES,Q2330020,STAN DANIELS,27
78624,STEVEN A JONES,Q1291701,STEVEN ADLER,27
78624,STEVEN A JONES,Q42889352,DAVID H. STEVENS,27
78624,STEVEN A JONES,Q5796324,STEN JOHAN HEDMAN,27
78624,STEVEN A JONES,Q2347136,STEVE LOPEZ,27
78624,STEVEN A JONES,Q62964232,MEGAN JONES,27
78624,STEVEN A JONES,Q7518443,SIMON CELLAN JONES,27
78624,STEVEN A JONES,Q7615094,STEVEN O'DONNELL,27
78624,STEVEN A JONES,Q35979852,OVE SEVEL,27
78624,STEVEN A JONES,Q106375394,STEPHEN JOHNSON,27
78624,STEVEN A JONES,Q7613485,STEVE O'CONNELL,27
78624,STEVEN A JONES,Q6271544,JON SEN,27
78624,STEVEN A JONES,Q7615211,STEVEN ROSS,27
78624,STEVEN A JONES,Q12315456,HANS KRISTENSEN,26
78624,STEVEN A JONES,Q108230,MANFRED STEFFEN,26
78624,STEVEN A JONES,Q7612051,STEVE BROWN,26
78624,STEVEN A JONES,Q6254013,JOHN R. STEVENSON,26
78624,STEVEN A JONES,Q6257231,JOHN SEEMAN,26
78624,STEVEN A JONES,Q1145951,JOHNNY SEVEN,26
78624,STEVEN A JONES,Q100879599,STEVE GUKAS,26
78624,STEVEN A JONES,Q565477,ANNE KERSTEN,26
78624,STEVEN A JONES,Q19867364,STEVEN SCHOENBERG,26
78624,STEVEN A JONES,Q24659758,STEVE STANULIS,26
78624,STEVEN A JONES,Q28806718,NYLES STEELE,26
78624,STEVEN A JONES,Q22022714,DON STEVENS,26
78624,STEVEN A JONES,Q19628650,MICHAEL STEVEN CHACON,26
78624,STEVEN A JONES,Q21506140,STEPHEN ST. JOHN,26
78624,STEVEN A JONES,Q3498844,STEVE ATKINSON,26
78624,STEVEN A JONES,Q2218474,SAMUEL JONES,26
78624,STEVEN A JONES,Q381927,JOSE VAN DAM,26
78624,STEVEN A JONES,Q24699963,STEVE GONZALES,26
78624,STEVEN A JONES,Q3973421,STEVEN BAGATOURIAN,26
78624,STEVEN A JONES,Q3154297,STEVE AERNOUTS,26
78624,STEVEN A JONES,Q2903368,BILL T. JONES,26
78624,STEVEN A JONES,Q2347107,STEVE LEVINE,26
78624,STEVEN A JONES,Q35495389,STEVIE NELSON,26
78624,STEVEN A JONES,Q27051313,COREY B. STEVENS,26
78624,STEVEN A JONES,Q2482035,STEVE CONTE,26
78624,STEVEN A JONES,Q11918196,HALEY LOUISE JONES,25
78624,STEVEN A JONES,Q63258127,KENT JONES,25
78624,STEVEN A JONES,Q50805161,GASTON SEVERIN,25
78624,STEVEN A JONES,Q3949513,KATIE STEVENS,25
78624,STEVEN A JONES,Q7614727,STEVEN G. KAPLAN,25
78624,STEVEN A JONES,Q88964995,JUSTIN JONES,25
78624,STEVEN A JONES,Q2347269,STEVE RAINES,25
78624,STEVEN A JONES,Q3472115,SANDY STEVENS,25
78624,STEVEN A JONES,Q80821545,STEVEN CHASMAN,25
78624,STEVEN A JONES,Q19837,STEVE JOBS,25
78624,STEVEN A JONES,Q7615287,STEVEN SOLES,25
78624,STEVEN A JONES,Q1922185,MERVYN JONES,25
78624,STEVEN A JONES,Q16150272,STEVE ANDERSON,25
78624,STEVEN A JONES,Q429084,STEVE PAYNE,25
78624,STEVEN A JONES,Q1170378,JOSEF STEIN,25
78624,STEVEN A JONES,Q3499249,STEVEN MICHAELS,25
78624,STEVEN A JONES,Q76545286,STEVEN FARGNOLI,25
78624,STEVEN A JONES,Q7440928,SEAN CW JOHNSON,25
78624,STEVEN A JONES,Q16052873,STEVEN RUSH,25
78624,STEVEN A JONES,Q24963152,N.A. BRONSTEN,24
78624,STEVEN A JONES,Q22114545,BARRY JOSSEN,24
78624,STEVEN A JONES,Q6395780,KEVIN BARNES,24
78624,STEVEN A JONES,Q7613097,STEVE LAFFEY,24
78624,STEVEN A JONES,Q16238697,KYLE C. JONES,24
78624,STEVEN A JONES,Q2719824,STEPHEN ROWE,24
78624,STEVEN A JONES,Q18150208,STEVEN GAYDOS,24
78624,STEVEN A JONES,Q3498592,STEPHEN KEARNEY,24
78624,STEVEN A JONES,Q2418017,STEVE MARKER,24
78624,STEVEN A JONES,Q26899805,STEVE SAYRE,24
78624,STEVEN A JONES,Q1691197,JOCHEN STERN,24
78624,STEVEN A JONES,Q721066,JOHN F. STREET,24
78624,STEVEN A JONES,Q26912931,ANDREA STEVENS,24
78624,STEVEN A JONES,Q7610592,STEPHEN STANTON,24
78624,STEVEN A JONES,Q7613842,STEVE SANDOR,24
78624,STEVEN A JONES,Q66091615,ROSIE JONES,24
78624,STEVEN A JONES,Q1396040,SUE JONES-DAVIES,24
78624,STEVEN A JONES,Q2119597,JAN JOHANSEN,24
78624,STEVEN A JONES,Q2100206,HANS TEEUWEN,24
78624,STEVEN A JONES,Q5506633,STEVE GORDON,24
78624,STEVEN A JONES,Q932567,JOHN STEVENS,24
78624,STEVEN A JONES,Q14849945,DAAN STUYVEN,24
78624,STEVEN A JONES,Q206534,STEPHEN CRANE,24
78624,STEVEN A JONES,Q7611794,STEVE ANDERSON,23
78624,STEVEN A JONES,Q4207586,STEVE JONES,23
78624,STEVEN A JONES,Q1698478,JOHANNES TERNE,23
78624,STEVEN A JONES,Q27916360,STEVEN SHANKAR,23
78624,STEVEN A JONES,Q20723873,JOSEPHINE STEVENS,23
78624,STEVEN A JONES,Q33102147,SVEND JOHANSEN,23
78624,STEVEN A JONES,Q7612113,STEVE BURTON,23
78624,STEVEN A JONES,Q7612948,STEVE JOHN SHEPHERD,23
78624,STEVEN A JONES,Q181664,SIMON JONES,22
78624,STEVEN A JONES,Q55660986,STEVEN AARON HUGHES,22
78624,STEVEN A JONES,Q7609617,STEPHEN JONES,22
78624,STEVEN A JONES,Q7612664,STEVE GLEASON,22
78624,STEVEN A JONES,Q1772954,STEVE BARKER,22
78624,STEVEN A JONES,Q3227514,STEVE AKAHOSHI,22
78624,STEVEN A JONES,Q91618066,JONAS STRAND GRAVLI,22
78624,STEVEN A JONES,Q107411393,KIRSTEN JOHNSON,22
78624,STEVEN A JONES,Q106376817,STEVEN KOSTANSKI,22
78624,STEVEN A JONES,Q66018875,DANIEL STEVENS,22
78624,STEVEN A JONES,Q6103899,J.A. STEEL,22
78624,STEVEN A JONES,Q3499211,STEVEN FEDER,22
78624,STEVEN A JONES,Q6516369,LEEON JONES,22
78624,STEVEN A JONES,Q19667880,SAM JONES,22
78624,STEVEN A JONES,Q3498934,STEVE GIANNELLI,22
78624,STEVEN A JONES,Q1286410,JOEL STEIN,22
78624,STEVEN A JONES,Q7614874,STEVEN JACOBS,22
78624,STEVEN A JONES,Q106375727,STEVEN MOORE,22
78624,STEVEN A JONES,Q559237,JOHN LEVENE,21
78624,STEVEN A JONES,Q4767621,ANNA WILSON-JONES,21
78624,STEVEN A JONES,Q2396279,STEVE RYAN,21
78624,STEVEN A JONES,Q7608583,STEPHEN AMIDON,21
78624,STEVEN A JONES,Q3499267,STEVEN ROOKE,21
78624,STEVEN A JONES,Q22776447,SVEIN ANDERSEN,21
78624,STEVEN A JONES,Q23636117,STEVE KARRAS,21
78624,STEVEN A JONES,Q7615035,STEVEN MCDONALD,21
78624,STEVEN A JONES,Q5667170,ALFONSO SANTISTEVAN,21
78624,STEVEN A JONES,Q923700,STEVE FOSTER,21
78624,STEVEN A JONES,Q15486750,KENT JONES,21
78624,STEVEN A JONES,Q7612248,STEVE CONNELL,21
78624,STEVEN A JONES,Q3218833,LAUREN JONES,21
78624,STEVEN A JONES,Q16019236,CARL STEVEN,21
78624,STEVEN A JONES,Q25640937,STEVE GIBBONS,21
78624,STEVEN A JONES,Q7612851,STEVE HODGES,21
78624,STEVEN A JONES,Q5271577,DIANE STEVENETT,21
78624,STEVEN A JONES,Q3327868,STEVEN HO,21
78624,STEVEN A JONES,Q2458826,SEAN JOHNSON,21
78624,STEVEN A JONES,Q48700026,STEVEN CAPLE JR.,21
78624,STEVEN A JONES,Q7612189,STEVE CHAPIN,20
78624,STEVEN A JONES,Q22115024,STEVE PASVOLSKY,20
78624,STEVEN A JONES,Q7613806,STEVE ROSSI,20
78624,STEVEN A JONES,Q21574198,STEVEN CREE,20
78624,STEVEN A JONES,Q7612918,STEVE J. SPEARS,20
78624,STEVEN A JONES,Q24985776,SIM EVAN-JONES,20
78624,STEVEN A JONES,Q29014568,JONAS MORTENSEN,20
78624,STEVEN A JONES,Q18535763,LEE HAVEN-JONES,20
78624,STEVEN A JONES,Q28039568,JORDAN STEPHENS,20
78624,STEVEN A JONES,Q694585,ARNO STEFFEN,20
78624,STEVEN A JONES,Q562939,JOHANNES ANKER LARSEN,20
78624,STEVEN A JONES,Q3293958,MARJORIE STEELE,20
78624,STEVEN A JONES,Q3241768,STEVE ROWE,20
78624,STEVEN A JONES,Q10513459,STEVE MCLEAN,19
78624,STEVEN A JONES,Q1337988,STEVE COLLINS,19
78624,STEVEN A JONES,Q15737531,STEVEN OGG,19
78624,STEVEN A JONES,Q108293864,JOHANNES THIEME,19
78624,STEVEN A JONES,Q109655262,COEN STROEVE,19
78624,STEVEN A JONES,Q176539,STEVE OVETT,19
78624,STEVEN A JONES,Q312691,STEVE HOWE,19
78624,STEVEN A JONES,Q3498999,STEVE LYON,19
78624,STEVEN A JONES,Q7611935,STEVE BERMAN,19
78624,STEVEN A JONES,Q26912038,ROSIE JONES,19
78624,STEVEN A JONES,Q95864003,STEVE MCLEAN,19
78624,STEVEN A JONES,Q7611751,STEVE ABEL,19
78624,STEVEN A JONES,Q21061929,STEVEN M. SMITH,19
78624,STEVEN A JONES,Q7612730,STEVE GUNDERSON,19
78624,STEVEN A JONES,Q3499243,STEVEN KAPLAN,18
78624,STEVEN A JONES,Q42041969,HANS SEVERINSEN,18
78624,STEVEN A JONES,Q3607163,AINETT STEPHENS,18
78624,STEVEN A JONES,Q508101,JAMES STEPHENS,18
78624,STEVEN A JONES,Q65136039,STEVE LANDRY,18
78624,STEVEN A JONES,Q2063058,WALTER JONES,18
78624,STEVEN A JONES,Q21418861,STEVE SARRAS,18
78624,STEVEN A JONES,Q18719065,STEVE NELSON,18
78624,STEVEN A JONES,Q63922181,STEVE ANNIS,18
78624,STEVEN A JONES,Q28101114,STEPHEN BATES,18
78624,STEVEN A JONES,Q108870678,STEPHEN KANKOLE,18
78624,STEVEN A JONES,Q2417670,AN NELISSEN,18
78624,STEVEN A JONES,Q22262395,STEVIE SHAE,17
78624,STEVEN A JONES,Q21292799,STEVE ADCOCK,17
78624,STEVEN A JONES,Q18385532,STEVEN NIELSON,17
78624,STEVEN A JONES,Q7614570,STEVEN CLAYDON,17
78624,STEVEN A JONES,Q3405572,JOHN OWEN-JONES,17
78624,STEVEN A JONES,Q7613221,STEVE MACKEY,17
78624,STEVEN A JONES,Q541114,JULIE STEVENS,17
78624,STEVEN A JONES,Q56460287,RAINER STEFFEN,17
78624,STEVEN A JONES,Q15039916,STEVEN COLLINS,17
78624,STEVEN A JONES,Q42271867,STEVEN OLIVER,17
78624,STEVEN A JONES,Q369507,STEVEN CALDWELL,17
78624,STEVEN A JONES,Q36846710,STEVEN LOVY,17
78624,STEVEN A JONES,Q6287183,JOSEPH STERN,17
78624,STEVEN A JONES,Q7613194,STEVE LUCAS,17
78624,STEVEN A JONES,Q6558429,LISA STEVENS,17
78624,STEVEN A JONES,Q65997415,JENEL STEVENS,17
78624,STEVEN A JONES,Q312117,STEVE HARPER,17
78624,STEVEN A JONES,Q1116211,OLIVER JONES,17
78624,STEVEN A JONES,Q290127,STEFFI JONES,16
78624,STEVEN A JONES,Q26869022,STEVE ELFERS,16
78624,STEVEN A JONES,Q7611992,STEVE BONO,15
78624,STEVEN A JONES,Q15849215,STEVE MOORE,15
78624,STEVEN A JONES,Q3973371,STEVEN SHANE MCDONALD,15
78624,STEVEN A JONES,Q5971274,STEVE MADDEN,15
78624,STEVEN A JONES,Q3973203,STEPHEN MARTINES,14
78624,STEVEN A JONES,Q22662889,STEVEN RANDAZZO,14
78624,STEVEN A JONES,Q6143596,JAMES STEVEN GINSBURG,14
78624,STEVEN A JONES,Q4993049,SIXTEN KAI NIELSEN,13
78624,STEVEN A JONES,Q3147285,IAN JONES,13
78624,STEVEN A JONES,Q1272620,STEVE ANDERSON,13
78624,STEVEN A JONES,Q7634158,SUE JONES,13
78624,STEVEN A JONES,Q7612565,STEVE FONYO,13
78624,STEVEN A JONES,Q16091649,JEONG SEONG-HWA,13
78624,STEVEN A JONES,Q19544734,SVEN LOVE,13
78624,STEVEN A JONES,Q27042888,STEVEN FEINBERG,13
78624,STEVEN A JONES,Q1642419,JOHANNES STUTTGEN,12
78624,STEVEN A JONES,Q7609556,STEPHEN J. ANDERSON,12
78624,STEVEN A JONES,Q7615117,STEVEN PACEY,12
78624,STEVEN A JONES,Q7610184,STEPHEN PAGE,12
78624,STEVEN A JONES,Q7615298,STEVEN STARR,12
78624,STEVEN A JONES,Q23926068,ANDRE STERN,11
78624,STEVEN A JONES,Q2514675,MILTON JONES,11
78624,STEVEN A JONES,Q3436464,SVERRE ARNES,11
78624,STEVEN A JONES,Q245774,JOHN STEVENS,11
78624,STEVEN A JONES,Q7615027,STEVEN MARTINI,11
78624,STEVEN A JONES,Q16935142,STEVEN NAIFEH,11
78624,STEVEN A JONES,Q7614584,STEVEN COULTER,11
78624,STEVEN A JONES,Q2677094,STEVEN HARTLEY,11
78624,STEVEN A JONES,Q77193159,STEVEN GRIVES,10
78624,STEVEN A JONES,Q63107120,STEPHEN JOFFE,10
78624,STEVEN A JONES,Q371814,STEVE RACE,10
78624,STEVEN A JONES,Q3479149,SERENA EVANS,10
78624,STEVEN A JONES,Q11979370,JOSTEIN ANSNES,10
78624,STEVEN A JONES,Q63248288,STEVE SALE,9
78624,STEVEN A JONES,Q98223550,ANNA STEEN HANSEN,0
78624,STEVEN A JONES,Q98223507,STEEN RONNE,0
78624,STEVEN A JONES,Q85920935,RAY TOSTEVIN,0
78624,STEVEN A JONES,Q95795341,STEFFEN JORG,0
78624,STEVEN A JONES,Q98223614,ANDREAS STEEN SORENSEN,0
78624,STEVEN A JONES,Q9142181,AGNES PETERSEN,0
78624,STEVEN A JONES,Q98223885,STEEN MAYNE,0
78624,STEVEN A JONES,Q95217893,STEVE DOSCHNER,0
78624,STEVEN A JONES,Q1000203,ROBERT MALLET-STEVENS,0
78624,STEVEN A JONES,Q78784050,STEPAN GAJDOS,0
78624,STEVEN A JONES,Q1670740,JONNY TEUPEN,0
78624,STEVEN A JONES,Q27050432,STEFANO MARTONE,0
78624,STEVEN A JONES,Q2525172,STEVE GEERTS,0
78624,STEVEN A JONES,Q24707831,IVANA STEVENS,0
78624,STEVEN A JONES,Q22101929,STEVEN KOVACS,0
78624,STEVEN A JONES,Q20851260,ANNE DASTREE,0
78624,STEVEN A JONES,Q19259360,ANDREAS SENN,0
78624,STEVEN A JONES,Q1582525,HANS SIEVERS,0
78624,STEVEN A JONES,Q28726157,JOHANNES SEILERN,0
78624,STEVEN A JONES,Q1580598,HANS JONSSON,0
78624,STEVEN A JONES,Q14806260,JAN STERN,0
78624,STEVEN A JONES,Q1445848,FRANZ-JOSEF STEFFENS,0
78624,STEVEN A JONES,Q12320059,JOHANNES G. SORENSEN,0
78624,STEVEN A JONES,Q12023360,JAN STERN,0
78624,STEVEN A JONES,Q112677,ANKE SEVENICH,0
78624,STEVEN A JONES,Q27051221,STEVEN JOHN ROSS,0
78624,STEVEN A JONES,Q29956840,SVEN ABEL,0
78624,STEVEN A JONES,Q76937242,EDVARD NIELSEN-STEVNS,0
78624,STEVEN A JONES,Q5479104,FRANCESCA GASTEEN,0
78624,STEVEN A JONES,Q62721617,JAYNE-ANN TENGGREN,0
78624,STEVEN A JONES,Q6078091,STEFAN RONGE,0
78624,STEVEN A JONES,Q6061836,STEINAR RAKNES,0
78624,STEVEN A JONES,Q6059830,FATOS SEGMEN,0
78624,STEVEN A JONES,Q5939102,STEN LARSSON,0
78624,STEVEN A JONES,Q5556993,SVEN ANER,0
78624,STEVEN A JONES,Q491241,ANDERS PETERSEN,0
78624,STEVEN A JONES,Q33104045,STEN JORGENSEN,0
78624,STEVEN A JONES,Q487276,ANAT EVEN,0
78624,STEVEN A JONES,Q38055064,STEEN DONGO JENSEN,0
78624,STEVEN A JONES,Q38053634,AAGE JESSEN,0
78624,STEVEN A JONES,Q38052652,CARL O. STEIN,0
78624,STEVEN A JONES,Q35979619,STEEN B. JOHANSEN,0
78624,STEVEN A JONES,Q35979547,ANDERS SORENSEN,0
78624,STEVEN A JONES,Q3498920,STEVE EVANS,0
