acmi_id,acmi_name,wikidata_id,wikidata_name,match
75480,ROBERT HESSENS,Q36949,ROBERT DE NIRO,58
75480,ROBERT HESSENS,Q364017,ROBERT RICHARDSON,58
75480,ROBERT HESSENS,Q978222,ROBERT FRAISSE,57
75480,ROBERT HESSENS,Q17270045,ROBERT NORTH,55
75480,ROBERT HESSENS,Q1319095,ROBERT BURKS,53
75480,ROBERT HESSENS,Q3438909,ROGER DUCHESNE,52
75480,ROBERT HESSENS,Q21402001,HELEN VERBIT,52
75480,ROBERT HESSENS,Q1790472,ROBERT BENCHLEY,52
75480,ROBERT HESSENS,Q7342864,ROBERT CHAPPELL,52
75480,ROBERT HESSENS,Q121229,ROBERTO RISSO,50
75480,ROBERT HESSENS,Q216290,ROBERT BOBER,50
75480,ROBERT HESSENS,Q455568,HELEN ROSE,50
75480,ROBERT HESSENS,Q15100352,ROBERT MELLIN,50
75480,ROBERT HESSENS,Q510769,ROBERT BROWN,50
75480,ROBERT HESSENS,Q1582156,ROGER EDENS,50
75480,ROBERT HESSENS,Q107042458,ROBERT PHILLIPS,50
75480,ROBERT HESSENS,Q723837,ROBERT KRASKER,50
75480,ROBERT HESSENS,Q232527,KATHLEEN ROBERTSON,50
75480,ROBERT HESSENS,Q1422655,ROBERT JAYNE,48
75480,ROBERT HESSENS,Q3435440,ROBERT HUTTON,48
75480,ROBERT HESSENS,Q3434428,ROBERT ANCELIN,48
75480,ROBERT HESSENS,Q52378074,ROBERT PRIMES,48
75480,ROBERT HESSENS,Q355879,ROBERT BLOCH,48
75480,ROBERT HESSENS,Q367155,ROBERT FORSTER,48
75480,ROBERT HESSENS,Q3938155,ROBERT BOGUE,48
75480,ROBERT HESSENS,Q503966,ROB COHEN,48
75480,ROBERT HESSENS,Q18543092,ROBERT BEYER,48
75480,ROBERT HESSENS,Q1385393,ROBERT KEITH,48
75480,ROBERT HESSENS,Q3023094,DENISE ROBERT,48
75480,ROBERT HESSENS,Q23301,ROBERTO BENIGNI,48
75480,ROBERT HESSENS,Q3165328,JEAN-DENIS ROBERT,48
75480,ROBERT HESSENS,Q2158138,ROBERT M. HAAS,48
75480,ROBERT HESSENS,Q105637387,ROBERT MASTERS,48
75480,ROBERT HESSENS,Q105637407,ROBERT RICHMAN,48
75480,ROBERT HESSENS,Q323940,ROBERT GLINSKI,48
75480,ROBERT HESSENS,Q3435031,ROBERT EDESON,47
75480,ROBERT HESSENS,Q434694,ROBERT HARDY,47
75480,ROBERT HESSENS,Q2158328,ROBERT NAEGELE,47
75480,ROBERT HESSENS,Q7344831,ROBERT GOLDEN,47
75480,ROBERT HESSENS,Q7345915,ROBERT J. HORNER,47
75480,ROBERT HESSENS,Q223193,ROBERT KNEPPER,47
75480,ROBERT HESSENS,Q95739,ROBERT LIEBMANN,47
75480,ROBERT HESSENS,Q78503,HERMANN OBERTH,47
75480,ROBERT HESSENS,Q1231435,ROBERT C. JONES,46
75480,ROBERT HESSENS,Q705447,ROBERT EASTON,46
75480,ROBERT HESSENS,Q1441328,ROBERT LOHR,46
75480,ROBERT HESSENS,Q7344031,ROBERT ELLIS,46
75480,ROBERT HESSENS,Q240370,ROBERT RISKIN,46
75480,ROBERT HESSENS,Q15712133,ROBERT F. LYONS,46
75480,ROBERT HESSENS,Q3938686,ROBERTO CHEVALIER,46
75480,ROBERT HESSENS,Q583717,ROBERT H. PLANCK,46
75480,ROBERT HESSENS,Q524281,ROBERT BLAKE,46
75480,ROBERT HESSENS,Q2157353,ROBERT GREENHUT,46
75480,ROBERT HESSENS,Q2157833,ROBERT J. KERN,46
75480,ROBERT HESSENS,Q1750774,ROGER REES,46
75480,ROBERT HESSENS,Q3159890,JACQUES ROBERT,46
75480,ROBERT HESSENS,Q55391,ROBERT BRESSON,46
75480,ROBERT HESSENS,Q1826885,ROBERT EVANS,46
75480,ROBERT HESSENS,Q207969,ERIC ROBERTS,45
75480,ROBERT HESSENS,Q59576038,ROBERT FRESCO,45
75480,ROBERT HESSENS,Q18719210,ROBERT E. NEWTON,45
75480,ROBERT HESSENS,Q47015698,ERNST ROTERS,45
75480,ROBERT HESSENS,Q7343810,ROBERT E. KENT,45
75480,ROBERT HESSENS,Q1486368,ROBERT COOTE,45
75480,ROBERT HESSENS,Q48756287,ROBERT CHARLET,45
75480,ROBERT HESSENS,Q3367708,PASCALE ROBERTS,45
75480,ROBERT HESSENS,Q3246622,ROBERT BERRI,45
75480,ROBERT HESSENS,Q3435967,ROBERT MORIN,45
75480,ROBERT HESSENS,Q65116546,RENE ROBERGE,45
75480,ROBERT HESSENS,Q375290,ROBERT HOSSEIN,45
75480,ROBERT HESSENS,Q1767677,LEONA ROBERTS,45
75480,ROBERT HESSENS,Q862834,ROBERT CULLEN,45
75480,ROBERT HESSENS,Q2156865,ROBERT DE GRASSE,45
75480,ROBERT HESSENS,Q79060,ROBERT DORNHELM,45
75480,ROBERT HESSENS,Q388204,ROBERT GLENISTER,44
75480,ROBERT HESSENS,Q2156401,ROBERT BABERSKE,44
75480,ROBERT HESSENS,Q847366,ROBERT LANTOS,44
75480,ROBERT HESSENS,Q946984,ROBERT GINTY,44
75480,ROBERT HESSENS,Q2157306,ROBERT GIST,44
75480,ROBERT HESSENS,Q15263275,ROBERT B. HAUSER,44
75480,ROBERT HESSENS,Q2158017,ROBERT LEFEBVRE,44
75480,ROBERT HESSENS,Q2454910,ROBERT LUSSAC,44
75480,ROBERT HESSENS,Q3434955,ROBERT DESTAIN,44
75480,ROBERT HESSENS,Q2156501,ROBERT BATHURST,44
75480,ROBERT HESSENS,Q3435903,ROBERT MERCIER,44
75480,ROBERT HESSENS,Q3434573,ROBERT BICE,44
75480,ROBERT HESSENS,Q15842721,ROBERT PRESNELL SR,44
75480,ROBERT HESSENS,Q2545975,ROBERT LACH,44
75480,ROBERT HESSENS,Q7341097,ROBBY HENSON,44
75480,ROBERT HESSENS,Q548332,ROBERT NEWMYER,44
75480,ROBERT HESSENS,Q6780047,ROBERT HENIG,44
75480,ROBERT HESSENS,Q95244053,HERBERT HEISSLER,44
75480,ROBERT HESSENS,Q541270,JESSIE ROYCE LANDIS,44
75480,ROBERT HESSENS,Q486895,ROBERT FUEST,44
75480,ROBERT HESSENS,Q64031749,ROBERT DE LACEY,44
75480,ROBERT HESSENS,Q116983,ROBERT DONAT,44
75480,ROBERT HESSENS,Q1305109,ROBERT H. HARRIS,44
75480,ROBERT HESSENS,Q7341515,ROBERT ANDERSON,44
75480,ROBERT HESSENS,Q95228222,ROBERT BUCHSCHWENTER,43
75480,ROBERT HESSENS,Q104422898,PETER ROBERTSON,43
75480,ROBERT HESSENS,Q3435723,ROBERT LEES,43
75480,ROBERT HESSENS,Q1723836,ROBERT HIRSCH,43
75480,ROBERT HESSENS,Q7346264,ROBERT KARNES,43
75480,ROBERT HESSENS,Q1312600,ROBERT ELLENSTEIN,43
75480,ROBERT HESSENS,Q5734023,HERBERT EVANS,43
75480,ROBERT HESSENS,Q1139435,ROBERT PINE,43
75480,ROBERT HESSENS,Q3434539,ROBERT BEHLING,43
75480,ROBERT HESSENS,Q1431010,ROBERT BASSLER,43
75480,ROBERT HESSENS,Q279100,ROBERT ELSWIT,43
75480,ROBERT HESSENS,Q1291283,ROBERT KERMAN,43
75480,ROBERT HESSENS,Q942066,IAN ROBERTS,42
75480,ROBERT HESSENS,Q3938324,ROBERT KANE,42
75480,ROBERT HESSENS,Q735551,ROBERT ADLER,42
75480,ROBERT HESSENS,Q1249102,ROBERTO REY,42
75480,ROBERT HESSENS,Q7344514,ROBERT FRAZEN,42
75480,ROBERT HESSENS,Q7344562,ROBERT FRYER,42
75480,ROBERT HESSENS,Q3938730,ROBERTO D'ALESSANDRO,42
75480,ROBERT HESSENS,Q5982740,IAN ROBERTS,42
75480,ROBERT HESSENS,Q7346850,ROBERT LEIGHTON,42
75480,ROBERT HESSENS,Q322999,CHRIS ROBERTS,42
75480,ROBERT HESSENS,Q1344716,ROBERT HARRON,42
75480,ROBERT HESSENS,Q201732,ROBERT GRAVES,42
75480,ROBERT HESSENS,Q2004418,ROBERT EARL JONES,42
75480,ROBERT HESSENS,Q19959074,ROBERT BROWN,42
75480,ROBERT HESSENS,Q7346324,ROBERT KENT,42
75480,ROBERT HESSENS,Q1444043,FRANK ROBERT,42
75480,ROBERT HESSENS,Q451811,ROBERT PRESTON,42
75480,ROBERT HESSENS,Q3435272,ROBERT GREIG,41
75480,ROBERT HESSENS,Q3434747,ROBERT CASTEL,41
75480,ROBERT HESSENS,Q3434554,ROBERT BENMUSSA,41
75480,ROBERT HESSENS,Q313981,ROBERT HARRIS,41
75480,ROBERT HESSENS,Q1888426,ROBERT CLOUSE,41
75480,ROBERT HESSENS,Q1762306,ROBERT N. LEE,41
75480,ROBERT HESSENS,Q18534084,ROBERT OBERV,41
75480,ROBERT HESSENS,Q7341533,ROBERT ANDREWS,41
75480,ROBERT HESSENS,Q7342159,ROBERT BLANCHE,41
75480,ROBERT HESSENS,Q3435693,ROBERT LE BEAL,41
75480,ROBERT HESSENS,Q7345682,ROBERT HUGHES,41
75480,ROBERT HESSENS,Q953257,ROBERT PUGH,41
75480,ROBERT HESSENS,Q88223,HERBERT FEUERSTEIN,41
75480,ROBERT HESSENS,Q2140422,REINER HEISE,41
75480,ROBERT HESSENS,Q36843426,ROBERT KLANE,41
75480,ROBERT HESSENS,Q366678,ROBERT CUMMINGS,41
75480,ROBERT HESSENS,Q3434592,ROBERT BLOME,41
75480,ROBERT HESSENS,Q72916673,ROBERT ENSMINGER,41
75480,ROBERT HESSENS,Q7344291,ROBERT FELLOWS,41
75480,ROBERT HESSENS,Q1365858,ROBERT F. COLESBERRY,41
75480,ROBERT HESSENS,Q4347997,ROBERT PAIGE,41
75480,ROBERT HESSENS,Q254828,RACHEL ROBERTS,40
75480,ROBERT HESSENS,Q7341494,ROBERT AMES,40
75480,ROBERT HESSENS,Q13576931,ROBERT EMMS,40
75480,ROBERT HESSENS,Q12333598,ROBERT HANSEN,40
75480,ROBERT HESSENS,Q7343864,ROBERT E. MILES,40
75480,ROBERT HESSENS,Q7341622,ROBERT ASHER,40
75480,ROBERT HESSENS,Q21033995,NORBERT HERZNER,40
75480,ROBERT HESSENS,Q22230968,ROBERT BURGE,40
75480,ROBERT HESSENS,Q25189310,ROBERT HILL,40
75480,ROBERT HESSENS,Q468871,ROB ESTES,40
75480,ROBERT HESSENS,Q310389,ROBERT ENGLUND,40
75480,ROBERT HESSENS,Q974924,ROBERT NEWTON,40
75480,ROBERT HESSENS,Q15439748,ROBERT HERZL,40
75480,ROBERT HESSENS,Q2159531,ROBERTO LEONI,40
75480,ROBERT HESSENS,Q7349017,ROBERT PRESCOTT,40
75480,ROBERT HESSENS,Q15226318,ROBERT BERNSTEIN,40
75480,ROBERT HESSENS,Q95365,ROBERT LEFFLER,40
75480,ROBERT HESSENS,Q2157116,ROBERT FLETCHER,40
75480,ROBERT HESSENS,Q7343365,ROBERT DALEY,40
75480,ROBERT HESSENS,Q725931,ROBERT KLEIN,40
75480,ROBERT HESSENS,Q4587400,ESPEN SKJONBERG,40
75480,ROBERT HESSENS,Q5864965,ROBERT GILLESPIE,40
75480,ROBERT HESSENS,Q928592,ROBERT BAKER,40
75480,ROBERT HESSENS,Q7342503,ROBERT BURGE,40
75480,ROBERT HESSENS,Q887757,ROBERT ALLEN,40
75480,ROBERT HESSENS,Q842656,ROBERT HUNDAR,40
75480,ROBERT HESSENS,Q20684483,ROBERT M. LEEDS,40
75480,ROBERT HESSENS,Q65548327,ROB HAYES,40
75480,ROBERT HESSENS,Q15070027,ROBERT OSTERLOH,40
75480,ROBERT HESSENS,Q106375386,ROBERT HAYES,40
75480,ROBERT HESSENS,Q931528,ROBERT HELPMANN,40
75480,ROBERT HESSENS,Q645496,RUPERT EVANS,40
75480,ROBERT HESSENS,Q1928335,ROBERT HOGAN,39
75480,ROBERT HESSENS,Q3434086,ROBERTA COLLINS,39
75480,ROBERT HESSENS,Q464534,ROBERT CHARLEBOIS,39
75480,ROBERT HESSENS,Q453761,ROBERT FRANCIS,39
75480,ROBERT HESSENS,Q958733,ROBERT DINESEN,39
75480,ROBERT HESSENS,Q11153,JOHN ROBERTS,39
75480,ROBERT HESSENS,Q7341443,ROBERT ALLAN,39
75480,ROBERT HESSENS,Q21515077,ROBERT APISA,39
75480,ROBERT HESSENS,Q228598,EMMA ROBERTS,39
75480,ROBERT HESSENS,Q1341481,ROBERT LEPAGE,39
75480,ROBERT HESSENS,Q3938741,ROBERTO DE LEONARDIS,39
75480,ROBERT HESSENS,Q367549,ROBERT BELTRAN,39
75480,ROBERT HESSENS,Q1747539,ROBERT KENNER,39
75480,ROBERT HESSENS,Q3436005,ROBERT NICHOLS,39
75480,ROBERT HESSENS,Q7343195,ROBERT CRICHTON,39
75480,ROBERT HESSENS,Q7346884,ROBERT LEWIS HINKLE,39
75480,ROBERT HESSENS,Q3159889,JACQUES ROBERT,38
75480,ROBERT HESSENS,Q2157005,ROBERT ELLIS MILLER,38
75480,ROBERT HESSENS,Q7347654,ROBERT MIANO,38
75480,ROBERT HESSENS,Q3112754,ROBERT HOPKINS,38
75480,ROBERT HESSENS,Q2156901,ROBERT DOMES,38
75480,ROBERT HESSENS,Q21185509,ROBERT CUMMINGS,38
75480,ROBERT HESSENS,Q26884722,ROBERT ANDERSON,38
75480,ROBERT HESSENS,Q261556,RACHEL ROBERTS,38
75480,ROBERT HESSENS,Q2126049,ROBERT CLOHESSY,38
75480,ROBERT HESSENS,Q2561487,WERNER HESSENLAND,38
75480,ROBERT HESSENS,Q23751723,ROBERT BERKMAN,38
75480,ROBERT HESSENS,Q21010035,J. ROBERT BREN,38
75480,ROBERT HESSENS,Q2158298,ROBERT MOORE,38
75480,ROBERT HESSENS,Q2384381,ROBERT DARENE,38
75480,ROBERT HESSENS,Q7346753,ROBERT LAWRENCE,38
75480,ROBERT HESSENS,Q7346816,ROBERT LEE MINOR,38
75480,ROBERT HESSENS,Q3435279,ROBERT GUEZ,38
75480,ROBERT HESSENS,Q1113095,NORBERT GESCHER,38
75480,ROBERT HESSENS,Q5553706,ROBERT ANDERSON,38
75480,ROBERT HESSENS,Q5418916,EWAN ROBERTS,38
75480,ROBERT HESSENS,Q1580385,HANS HOMBERG,38
75480,ROBERT HESSENS,Q1581930,HANS REHBERG,38
75480,ROBERT HESSENS,Q509636,ROBERT ADAMSON,38
75480,ROBERT HESSENS,Q3436102,ROBERT PORTE,38
75480,ROBERT HESSENS,Q3938348,ROBERT MADISON,38
75480,ROBERT HESSENS,Q3938200,ROBERT ALTON,38
75480,ROBERT HESSENS,Q3436708,ROBERT DE NESLE,38
75480,ROBERT HESSENS,Q530733,ROBERT FLEMYNG,38
75480,ROBERT HESSENS,Q518366,ROBERT HAMER,38
75480,ROBERT HESSENS,Q925991,ROBERT BRIDGES,38
75480,ROBERT HESSENS,Q919492,JAKE ROBERTS,38
75480,ROBERT HESSENS,Q1281011,ROBERT GREENWALD,38
75480,ROBERT HESSENS,Q7344931,ROBERT GREEN HALL,38
75480,ROBERT HESSENS,Q3721493,ELENA ROGER,38
75480,ROBERT HESSENS,Q1765928,ROBERT ADAMSON,38
75480,ROBERT HESSENS,Q3435881,ROBERT MAZET,38
75480,ROBERT HESSENS,Q86530715,HANS ROBERT EISENHAUER,38
75480,ROBERT HESSENS,Q947525,ROBERT GANT,38
75480,ROBERT HESSENS,Q7346363,ROBERT KING,38
75480,ROBERT HESSENS,Q18150458,ROBERT GUENETTE,38
75480,ROBERT HESSENS,Q154717,ROBERT ANDERSON,38
75480,ROBERT HESSENS,Q1541704,ROBERT CARSON,38
75480,ROBERT HESSENS,Q115023,ROBERT LAND,38
75480,ROBERT HESSENS,Q1889355,ROBERT COSTANZO,38
75480,ROBERT HESSENS,Q4761240,ANDY ROBERTS,38
75480,ROBERT HESSENS,Q1387339,ROBERT ENRICO,38
75480,ROBERT HESSENS,Q7351506,ROBERTA HANLEY,37
75480,ROBERT HESSENS,Q47004942,ROBERT HYATT,37
75480,ROBERT HESSENS,Q7348273,ROBERT PARIS,37
75480,ROBERT HESSENS,Q28147288,ROBERTO GUTHIE,37
75480,ROBERT HESSENS,Q230990,ASHLEY ROBERTS,37
75480,ROBERT HESSENS,Q4401420,ROBERT FREEMAN,37
75480,ROBERT HESSENS,Q2157678,ROBERT ISCOVE,37
75480,ROBERT HESSENS,Q7341377,ROBERT AGNEW,37
75480,ROBERT HESSENS,Q7344089,ROBERT ENGELMAN,37
75480,ROBERT HESSENS,Q105099718,ROBERT BONER,37
75480,ROBERT HESSENS,Q3938605,ROBERTO BENVENUTI,37
75480,ROBERT HESSENS,Q15454259,ROBERT LAWRENCE,37
75480,ROBERT HESSENS,Q28952247,DECHEN RODER,37
75480,ROBERT HESSENS,Q65116556,ROBERT LABROSSE,37
75480,ROBERT HESSENS,Q1381702,ROB EPSTEIN,37
75480,ROBERT HESSENS,Q1287882,ROBERT HARMON,37
75480,ROBERT HESSENS,Q172352,ROBERT O'BRIEN,37
75480,ROBERT HESSENS,Q84926,ROBERT HOFFMANN,37
75480,ROBERT HESSENS,Q1970920,ROBERT HAYS,37
75480,ROBERT HESSENS,Q194881,HOWARD HESSEMAN,37
75480,ROBERT HESSENS,Q20826736,ROBERT EGGERS,37
75480,ROBERT HESSENS,Q320178,JOHN ROBERTS,37
75480,ROBERT HESSENS,Q317614,ROBERT HOFFMAN,37
75480,ROBERT HESSENS,Q55687405,ROBERT VAN EPS,37
75480,ROBERT HESSENS,Q3436128,ROBERT PEGUY,37
75480,ROBERT HESSENS,Q2098609,ROBERT CICCHINI,37
75480,ROBERT HESSENS,Q16940076,HELENA SOLBERG,37
75480,ROBERT HESSENS,Q496262,ROBERT ADDIE,36
75480,ROBERT HESSENS,Q70303,CHRIS ROBERTS,36
75480,ROBERT HESSENS,Q592511,ROBERT NATHAN,36
75480,ROBERT HESSENS,Q3434526,ROBERT BASSAC,36
75480,ROBERT HESSENS,Q4496009,ROBERT HARLING,36
75480,ROBERT HESSENS,Q46236938,ROBERT GEISLER,36
75480,ROBERT HESSENS,Q7346420,ROBERT KNIGHTS,36
75480,ROBERT HESSENS,Q3435393,ROBERT HIGDEN,36
75480,ROBERT HESSENS,Q7344385,ROBERT FLEMING,36
75480,ROBERT HESSENS,Q3435615,ROBERT L. JOSEPH,36
75480,ROBERT HESSENS,Q3435742,ROBERT LERAY,36
75480,ROBERT HESSENS,Q6514812,LEE ROBERTS,36
75480,ROBERT HESSENS,Q321212,ROBERT DHERY,36
75480,ROBERT HESSENS,Q3436111,ROBERT PRESCOTT,36
75480,ROBERT HESSENS,Q7345596,ROBERT HOMANS,36
75480,ROBERT HESSENS,Q3131705,HENRI NORBERT,36
75480,ROBERT HESSENS,Q275681,NINA ROBERTS,36
75480,ROBERT HESSENS,Q361604,LEONARD ROBERTS,36
75480,ROBERT HESSENS,Q7346860,ROBERT LESSER,36
75480,ROBERT HESSENS,Q36338041,ROBERT KUSSEL,36
75480,ROBERT HESSENS,Q59085,ROBERT BENTON,36
75480,ROBERT HESSENS,Q28599524,ROBERT HENRY,36
75480,ROBERT HESSENS,Q3763857,ANDY ROBERTS,36
75480,ROBERT HESSENS,Q65116555,ROBERT GUERTIN,36
75480,ROBERT HESSENS,Q7347070,ROBERT LYNN,36
75480,ROBERT HESSENS,Q7352106,ROBERTSON HARE,36
75480,ROBERT HESSENS,Q1349144,ROBERT W. CHAMBERS,36
75480,ROBERT HESSENS,Q17418001,ROBERT ISRAEL,36
75480,ROBERT HESSENS,Q13580320,ROBERT PERISIC,36
75480,ROBERT HESSENS,Q1250139,ROBERT LONGO,36
75480,ROBERT HESSENS,Q12338585,SOREN STROMBERG,36
75480,ROBERT HESSENS,Q119968,ROBERT GARRISON,36
75480,ROBERT HESSENS,Q2159414,ROBERTO ANDO,36
75480,ROBERT HESSENS,Q2157639,ROBERT HUMPHREYS,36
75480,ROBERT HESSENS,Q19957948,ROBERT GREENE,36
75480,ROBERT HESSENS,Q2057633,ROBERT DREW,36
75480,ROBERT HESSENS,Q20684128,ROBERT GLECKLER,36
75480,ROBERT HESSENS,Q155764,ROBERT BROWN,36
75480,ROBERT HESSENS,Q78487,ROBERT MUSIL,36
75480,ROBERT HESSENS,Q20819743,ROBERT FITCH,36
75480,ROBERT HESSENS,Q212979,ROBERT GATES,36
75480,ROBERT HESSENS,Q106714322,ROBERT FURCH,36
75480,ROBERT HESSENS,Q2150832,ROBERT LEESHOCK,36
75480,ROBERT HESSENS,Q10363417,ROBERTO PIRES,36
75480,ROBERT HESSENS,Q9086888,ROGER CHENG,36
75480,ROBERT HESSENS,Q1582793,HANS TROMMER,35
75480,ROBERT HESSENS,Q3938389,ROBERT NORTH,35
75480,ROBERT HESSENS,Q15842675,ROBERT HAKIM,35
75480,ROBERT HESSENS,Q927313,DENIS ROBERT,35
75480,ROBERT HESSENS,Q7345302,ROBERT HARVEY,35
75480,ROBERT HESSENS,Q1007270,ROBERTO FAENZA,35
75480,ROBERT HESSENS,Q3435976,ROBERT MUGGE,35
75480,ROBERT HESSENS,Q86529843,ROBERT BAHAR,35
75480,ROBERT HESSENS,Q3938647,ROBERTO CALABRESE,35
75480,ROBERT HESSENS,Q2830578,ALAN ROBERTS,35
75480,ROBERT HESSENS,Q3435420,ROBERT HOUSTON,35
75480,ROBERT HESSENS,Q2157388,ROBERT GWISDEK,35
75480,ROBERT HESSENS,Q3434556,ROBERT BENITAH,35
75480,ROBERT HESSENS,Q28869465,ROBERT GIBBS,35
75480,ROBERT HESSENS,Q18390667,ROBERT EMMETT KEANE,35
75480,ROBERT HESSENS,Q7344310,ROBERT FERN LYONS,35
75480,ROBERT HESSENS,Q7342861,ROBERT CHAPIN,35
75480,ROBERT HESSENS,Q1418014,ROBERT DIETL,35
75480,ROBERT HESSENS,Q7342823,ROBERT CASWELL,35
75480,ROBERT HESSENS,Q2363100,ROBERT BEVAN,35
75480,ROBERT HESSENS,Q495306,PERNELL ROBERTS,35
75480,ROBERT HESSENS,Q4886372,BEN ROBERTS,35
75480,ROBERT HESSENS,Q6216955,JOHANNES ROBERTS,35
75480,ROBERT HESSENS,Q1453490,ROBERT MENEGOZ,35
75480,ROBERT HESSENS,Q7347926,ROBERT N. FRIED,35
75480,ROBERT HESSENS,Q1058664,JOE ROBERTS,35
75480,ROBERT HESSENS,Q15488787,ROBERT LIPSYTE,35
75480,ROBERT HESSENS,Q107515754,MIKE ROBERTS,35
75480,ROBERT HESSENS,Q21063015,ROBERTA GROSSMAN,34
75480,ROBERT HESSENS,Q95791225,ERNST ROBERTS,34
75480,ROBERT HESSENS,Q7341673,ROBERT AYRES,34
75480,ROBERT HESSENS,Q6109835,ROBERTO LECAROS,34
75480,ROBERT HESSENS,Q7342009,ROBERT BELLA,34
75480,ROBERT HESSENS,Q596249,ROBERT LYNEN,34
75480,ROBERT HESSENS,Q315949,ROBERT MERLE,34
75480,ROBERT HESSENS,Q3938743,ROBERTO DE ANGELIS,34
75480,ROBERT HESSENS,Q3435041,ROBERT ELFSTROM,34
75480,ROBERT HESSENS,Q3938614,ROBERTO BERTEA,34
75480,ROBERT HESSENS,Q5621826,ERNST DIESEN,34
75480,ROBERT HESSENS,Q18217401,HENRY HOBART,34
75480,ROBERT HESSENS,Q505450,ROBERT H. JACKSON,34
75480,ROBERT HESSENS,Q1348650,JAMES ROBERTSON,34
75480,ROBERT HESSENS,Q473208,ROGER CLEMENS,34
75480,ROBERT HESSENS,Q361366,ROBERT LANSING,34
75480,ROBERT HESSENS,Q1477753,ROBERT BERGER,34
75480,ROBERT HESSENS,Q443592,ROBERTS BLOSSOM,34
75480,ROBERT HESSENS,Q3938399,ROBERT RAMSEY,34
75480,ROBERT HESSENS,Q2156729,ROBERT CARSON,34
75480,ROBERT HESSENS,Q16424531,ROBERT ARNFINNSSON,34
75480,ROBERT HESSENS,Q247023,ROBERT LANSING,34
75480,ROBERT HESSENS,Q2900401,BEVERLY ROBERTS,34
75480,ROBERT HESSENS,Q28505887,JAKE ROBERTS,34
75480,ROBERT HESSENS,Q2159568,ROBERTO POSSE,34
75480,ROBERT HESSENS,Q27733311,ROBERT HEATH,34
75480,ROBERT HESSENS,Q27681465,ROBERT ISNARDON,34
75480,ROBERT HESSENS,Q7347547,ROBERT MCKENZIE,34
75480,ROBERT HESSENS,Q2158249,ROBERT MEYN,34
75480,ROBERT HESSENS,Q164358,ROBERT RAUSCHENBERG,33
75480,ROBERT HESSENS,Q88104,ROBERT VAN ACKEREN,33
75480,ROBERT HESSENS,Q97405,ROBERT REINERT,33
75480,ROBERT HESSENS,Q16028692,ROBERT MENARD,33
75480,ROBERT HESSENS,Q38052426,PER ESPERSEN,33
75480,ROBERT HESSENS,Q5982743,IAN ROBERTS,33
75480,ROBERT HESSENS,Q16247287,ROBERT CELESTINO,33
75480,ROBERT HESSENS,Q7345626,ROBERT HORTON,33
75480,ROBERT HESSENS,Q983360,ROBERT LOGAN,33
75480,ROBERT HESSENS,Q1063493,ROBERT MCKIMSON,33
75480,ROBERT HESSENS,Q165557,ROBERT E. LEE,33
75480,ROBERT HESSENS,Q39252880,HENRIK HERBERT,33
75480,ROBERT HESSENS,Q16735285,BETH ROBERT,33
75480,ROBERT HESSENS,Q1747045,ROBERTO FONT,33
75480,ROBERT HESSENS,Q220466,ZORA THIESSEN,33
75480,ROBERT HESSENS,Q165275,ROBERT MOTHERWELL,33
75480,ROBERT HESSENS,Q3938397,ROBERT QUINN,33
75480,ROBERT HESSENS,Q1592740,ROBERTO BODEGAS,33
75480,ROBERT HESSENS,Q26916277,ROBERT OEY,33
75480,ROBERT HESSENS,Q12333615,ROBERT REINHOLD,33
75480,ROBERT HESSENS,Q5077164,CHARLES E. ROBERTS,33
75480,ROBERT HESSENS,Q4732010,ALLENE ROBERTS,33
75480,ROBERT HESSENS,Q1349930,ROBERT HUNTER,33
75480,ROBERT HESSENS,Q95671650,ROBERTA PESCI,33
75480,ROBERT HESSENS,Q7343960,ROBERT EDMOND JONES,33
75480,ROBERT HESSENS,Q1375663,ROBERT HUNTER,33
75480,ROBERT HESSENS,Q467574,ROBERT FRANK,33
75480,ROBERT HESSENS,Q1390219,ROBERT HEYMANN,33
75480,ROBERT HESSENS,Q7350652,ROBERT W. CASTLE,33
75480,ROBERT HESSENS,Q7344086,ROBERT ENDERS,33
75480,ROBERT HESSENS,Q5722884,HENRY HERBERT,33
75480,ROBERT HESSENS,Q7344327,ROBERT FIELDS,33
75480,ROBERT HESSENS,Q1110822,ROBERT JACKS,33
75480,ROBERT HESSENS,Q1582072,HANS RODENBERG,33
75480,ROBERT HESSENS,Q7341326,ROBERT ABEL,33
75480,ROBERT HESSENS,Q2158018,ROBERT LEISTENSCHNEIDER,33
75480,ROBERT HESSENS,Q192133,ROBERT JOHNSON,33
75480,ROBERT HESSENS,Q346729,KENNETH ROBERTS,33
75480,ROBERT HESSENS,Q67204956,ROBERT QUINN,33
75480,ROBERT HESSENS,Q2157090,ROBERT FISCHER,33
75480,ROBERT HESSENS,Q104843195,ROBERT EMENEGGER,33
75480,ROBERT HESSENS,Q32340211,HELENA RONEE,33
75480,ROBERT HESSENS,Q101120,EDGAR BESSEN,33
75480,ROBERT HESSENS,Q3177627,JESSE PERETZ,33
75480,ROBERT HESSENS,Q324177,ROBERT LORENZ,33
75480,ROBERT HESSENS,Q944245,ROBERT LINDSAY,32
75480,ROBERT HESSENS,Q60830266,"ROBERT PRESNELL, JR.",32
75480,ROBERT HESSENS,Q95285055,ROBERT MORGENSTERN,32
75480,ROBERT HESSENS,Q2157623,ROBERT HOY,32
75480,ROBERT HESSENS,Q7349190,ROBERT REALE,32
75480,ROBERT HESSENS,Q22968535,TONJE HESSEN SCHEI,32
75480,ROBERT HESSENS,Q2156972,ROBERT EDDISON,32
75480,ROBERT HESSENS,Q2958987,CHARLES E. ROBERTS,32
75480,ROBERT HESSENS,Q2157280,ROBERT GETCHELL,32
75480,ROBERT HESSENS,Q684020,ROBERTO CLEMENTE,32
75480,ROBERT HESSENS,Q107258251,ROBERT BELLSOLA,32
75480,ROBERT HESSENS,Q14861560,ROBERT KNAPP,32
75480,ROBERT HESSENS,Q24565090,ROBERT O. PETERS,32
75480,ROBERT HESSENS,Q7341410,ROBERT ALDEN,32
75480,ROBERT HESSENS,Q66734102,ROBERTO FIESCO,32
75480,ROBERT HESSENS,Q6803177,MEADE ROBERTS,32
75480,ROBERT HESSENS,Q3144846,HELENE ROBERT,32
75480,ROBERT HESSENS,Q218122,ROBERT MORSE,32
75480,ROBERT HESSENS,Q3434557,ROBERT BENOIT,32
75480,ROBERT HESSENS,Q2158117,ROBERT LOHR,32
75480,ROBERT HESSENS,Q3501289,ROBERT NEBRENSKY,32
75480,ROBERT HESSENS,Q7347712,ROBERT MINTZ,32
75480,ROBERT HESSENS,Q93664,ROBERT ADLER,32
75480,ROBERT HESSENS,Q3434385,ROBERT A. HARRIS,32
75480,ROBERT HESSENS,Q10363352,ROBERTO GUILHERME,32
75480,ROBERT HESSENS,Q7341380,ROBERT AHRENS,32
75480,ROBERT HESSENS,Q2158525,ROBERT PRIESTLEY,32
75480,ROBERT HESSENS,Q1264427,ROBERT ENDERS,32
75480,ROBERT HESSENS,Q16083961,ROBERT BLEES,32
75480,ROBERT HESSENS,Q2257633,ROBERT MERSEY,32
75480,ROBERT HESSENS,Q3435600,ROBERT KRAUSE,32
75480,ROBERT HESSENS,Q1572163,ROBERT DOLLE,32
75480,ROBERT HESSENS,Q1869210,ROBERT HARPER,32
75480,ROBERT HESSENS,Q7342447,ROBERT BRUCE,32
75480,ROBERT HESSENS,Q3434590,ROBERT BLANCHE,32
75480,ROBERT HESSENS,Q101008704,ROBERT CEJNAR,32
75480,ROBERT HESSENS,Q18577628,ROBERTO DANESI,32
75480,ROBERT HESSENS,Q26869276,ROBERT MACHOIAN,32
75480,ROBERT HESSENS,Q13471284,ROBERTO MESSINA,32
75480,ROBERT HESSENS,Q214438,ROBERT MENZIES,32
75480,ROBERT HESSENS,Q7346845,ROBERT LEMELSON,32
75480,ROBERT HESSENS,Q3435545,ROBERT JONES,32
75480,ROBERT HESSENS,Q43402074,ROBERT FINSTER,32
75480,ROBERT HESSENS,Q3938785,ROBERTO FARNESI,32
75480,ROBERT HESSENS,Q2157603,ROBERT HOOKS,32
75480,ROBERT HESSENS,Q7344092,ROBERT ENGLISH,32
75480,ROBERT HESSENS,Q3434775,ROBERT CHANDEAU,32
75480,ROBERT HESSENS,Q18169873,JENS OSTBERG,32
75480,ROBERT HESSENS,Q26835695,JESSE NESSER,32
75480,ROBERT HESSENS,Q428223,ROBERT PLANT,32
75480,ROBERT HESSENS,Q3435756,ROBERT LIEBERMAN,32
75480,ROBERT HESSENS,Q3435760,ROBERT LIENSOL,32
75480,ROBERT HESSENS,Q53366576,ROBERT MANSON,32
75480,ROBERT HESSENS,Q3435778,ROBERT LOPEZ,32
75480,ROBERT HESSENS,Q28466457,ROBERTO GERMAN,32
75480,ROBERT HESSENS,Q3434739,ROBERT CARSON,31
75480,ROBERT HESSENS,Q7347285,ROBERT MAIER,31
75480,ROBERT HESSENS,Q39140976,ROBERT GILSTON,31
75480,ROBERT HESSENS,Q21280751,ROB HEDDEN,31
75480,ROBERT HESSENS,Q108719067,ROBERT AHOLA,31
75480,ROBERT HESSENS,Q3938563,ROBERTO ALESSANDRI,31
75480,ROBERT HESSENS,Q23780935,JOE ROBERT COLE,31
75480,ROBERT HESSENS,Q21517689,ROB EVANS,31
75480,ROBERT HESSENS,Q7344401,ROBERT FLORES,31
75480,ROBERT HESSENS,Q7346914,ROBERT LINDSEY,31
75480,ROBERT HESSENS,Q21282395,ROBERT MUNSTIS,31
75480,ROBERT HESSENS,Q26841790,ROBERT EASTER,31
75480,ROBERT HESSENS,Q16193068,ROBERT DAWS,31
75480,ROBERT HESSENS,Q3435986,ROBERT NAMIAS,31
75480,ROBERT HESSENS,Q3434902,ROBERT DAUDELIN,31
75480,ROBERT HESSENS,Q2037944,ROBERT SMYTHE HICHENS,31
75480,ROBERT HESSENS,Q3434954,ROBERT DESROCHES,31
75480,ROBERT HESSENS,Q1956016,ROBERTO BENZI,31
75480,ROBERT HESSENS,Q99194809,ROBERT HOWIE,31
75480,ROBERT HESSENS,Q12319360,JENS KROYER,31
75480,ROBERT HESSENS,Q7343587,ROBERT DONNE,31
75480,ROBERT HESSENS,Q1347030,ROBERT MCHENRY,31
75480,ROBERT HESSENS,Q3435510,ROBERT DRASNIN,31
75480,ROBERT HESSENS,Q2513810,PIET HESSE,31
75480,ROBERT HESSENS,Q3435623,ROBERT LACHENAY,31
75480,ROBERT HESSENS,Q87843,ROBERT HOFFERER,31
75480,ROBERT HESSENS,Q7343699,ROBERT DUNN,31
75480,ROBERT HESSENS,Q99195188,ROBERT NERANTZOULIS,31
75480,ROBERT HESSENS,Q104913,ROBERT EDWARDS,31
75480,ROBERT HESSENS,Q1393443,ROBERT DE FLERS,31
75480,ROBERT HESSENS,Q7342100,ROBERT BILHEIMER,31
75480,ROBERT HESSENS,Q3434422,ROBERT ALLEN MUKES,31
75480,ROBERT HESSENS,Q712370,ROBERT GUSTAFSSON,31
75480,ROBERT HESSENS,Q3436859,ROBERTO CARCASSES,31
75480,ROBERT HESSENS,Q10363177,ROBERT GOSNELL,31
75480,ROBERT HESSENS,Q1381295,ROBERT ETCHEVERRY,31
75480,ROBERT HESSENS,Q3434533,ROBERT BEAUVAIS,31
75480,ROBERT HESSENS,Q6109686,ROBERTO DAIRIENS,31
75480,ROBERT HESSENS,Q2157634,ROBERT HOLLER,31
75480,ROBERT HESSENS,Q30754754,JEROME ROBERT,30
75480,ROBERT HESSENS,Q2609597,CHARLES SIEBERT,30
75480,ROBERT HESSENS,Q2486833,ROBERT GOSSETT,30
75480,ROBERT HESSENS,Q7343505,ROBERT DESIDERIO,30
75480,ROBERT HESSENS,Q114533,ROBERT LACH,30
75480,ROBERT HESSENS,Q4886365,BEN ROBERTS,30
75480,ROBERT HESSENS,Q712917,ROBERT FORSTER,30
75480,ROBERT HESSENS,Q1434162,NORBERT HEISTERKAMP,30
75480,ROBERT HESSENS,Q65119737,ROBERTO MEI,30
75480,ROBERT HESSENS,Q21086592,ROBERT CULLEN,30
75480,ROBERT HESSENS,Q3439034,ROGER GOSSELIN,30
75480,ROBERT HESSENS,Q7351530,ROBERTA PEDON,30
75480,ROBERT HESSENS,Q16730871,ROBERT KING,30
75480,ROBERT HESSENS,Q3437859,HERBERT GREVENIUS,30
75480,ROBERT HESSENS,Q7341846,ROBERT BANKS,30
75480,ROBERT HESSENS,Q2194109,ROBERT HEPPENER,30
75480,ROBERT HESSENS,Q7341575,ROBERT ARDEN,30
75480,ROBERT HESSENS,Q2157629,ROBERT HUGHES,30
75480,ROBERT HESSENS,Q98435675,ROBERT HAMILTON,30
75480,ROBERT HESSENS,Q64930484,ROBERT NICKISCH,30
75480,ROBERT HESSENS,Q27922152,DESMOND ROBERTS,30
75480,ROBERT HESSENS,Q7342098,ROBERT BIERMAN,30
75480,ROBERT HESSENS,Q650980,ROBERT BOURASSA,30
75480,ROBERT HESSENS,Q3435441,ROBERT HEBERT,30
75480,ROBERT HESSENS,Q18412638,ROBERT BAUER,30
75480,ROBERT HESSENS,Q28382600,ROBERT A. BURNS,30
75480,ROBERT HESSENS,Q65115405,ROBERT REIS,30
75480,ROBERT HESSENS,Q3435348,ROBERT HAMNER,30
75480,ROBERT HESSENS,Q106282798,ROBERT LEITZELL,30
75480,ROBERT HESSENS,Q81960,ROBERT BURNS,30
75480,ROBERT HESSENS,Q35979779,HELGE ROBBERT,30
75480,ROBERT HESSENS,Q7346798,ROBERT LEE,30
75480,ROBERT HESSENS,Q1047235,CASEY ROBERTS,30
75480,ROBERT HESSENS,Q3808121,JESSE SOFFER,30
75480,ROBERT HESSENS,Q57907590,ROBERT DRYER,30
75480,ROBERT HESSENS,Q41447508,ROBERT LIN,30
75480,ROBERT HESSENS,Q40011859,ROBERT ANDERSEN,30
75480,ROBERT HESSENS,Q7342483,ROBERT BUCHANAN,30
75480,ROBERT HESSENS,Q1582693,HANS STROER,30
75480,ROBERT HESSENS,Q26916576,ROBERT NUGENT,30
75480,ROBERT HESSENS,Q15874738,ROBERT M. FRESCO,30
75480,ROBERT HESSENS,Q7023504,NIA ROBERTS,30
75480,ROBERT HESSENS,Q7348853,ROBERT PETERS,30
75480,ROBERT HESSENS,Q7346701,ROBERT LANG,30
75480,ROBERT HESSENS,Q16186447,ROBERT NIXON,30
75480,ROBERT HESSENS,Q922187,ROBERT BENAYOUN,30
75480,ROBERT HESSENS,Q104626220,ROBERT HUDECKY,29
75480,ROBERT HESSENS,Q7347666,ROBERT MIDDLEMASS,29
75480,ROBERT HESSENS,Q2393651,ROBERT HERRICK,29
75480,ROBERT HESSENS,Q60655500,ROBERT HORKY,29
75480,ROBERT HESSENS,Q12053713,ROBERT BROWN,29
75480,ROBERT HESSENS,Q7342218,ROBERT BORIS,29
75480,ROBERT HESSENS,Q7341675,ROBERT AYRES,29
75480,ROBERT HESSENS,Q55257814,ROBERT FENZ,29
75480,ROBERT HESSENS,Q58645,ROBERT LEY,29
75480,ROBERT HESSENS,Q106271517,ROBERT JIRAS,29
75480,ROBERT HESSENS,Q705440,ROBERT MORESCO,29
75480,ROBERT HESSENS,Q5734199,HERBERT GERDES,29
75480,ROBERT HESSENS,Q3938740,ROBERTO DE FEO,29
75480,ROBERT HESSENS,Q3436809,ROBERTE CUSEY-BRASSENS,29
75480,ROBERT HESSENS,Q28861518,ROBERT MUNIC,29
75480,ROBERT HESSENS,Q304542,ROBERT LAWRENSON,29
75480,ROBERT HESSENS,Q15734538,ROBERT LEWIN,29
75480,ROBERT HESSENS,Q16028791,RIGOBERTO PEREZCANO,29
75480,ROBERT HESSENS,Q16527165,ANTHONY ROBERTS,29
75480,ROBERT HESSENS,Q1702837,JON ROBERTS,29
75480,ROBERT HESSENS,Q17479456,ROBERT DYKE,29
75480,ROBERT HESSENS,Q20974041,ROBERT HENDERSON,29
75480,ROBERT HESSENS,Q155461,ROBERT HUTH,29
75480,ROBERT HESSENS,Q3434448,ROBERT ARKINS,29
75480,ROBERT HESSENS,Q3434431,ROBERT K. ANDERSEN,29
75480,ROBERT HESSENS,Q29024937,ROBERT OLSEN,29
75480,ROBERT HESSENS,Q33696998,ROBERT LEAL,29
75480,ROBERT HESSENS,Q2976160,ROBERT MENARD,29
75480,ROBERT HESSENS,Q2157021,ROBERT ENGELS,29
75480,ROBERT HESSENS,Q7347081,ROBERT LEGER,29
75480,ROBERT HESSENS,Q22663522,ROBERT LEVINE,29
75480,ROBERT HESSENS,Q1340981,NORBERT HECKNER,29
75480,ROBERT HESSENS,Q1341647,ROBERT JAMES,29
75480,ROBERT HESSENS,Q132537,ROBERT OPPENHEIMER,29
75480,ROBERT HESSENS,Q1489956,ROBERT LEWIS,28
75480,ROBERT HESSENS,Q88965622,ROBERT EVANS,28
75480,ROBERT HESSENS,Q168728,ROBERT FROST,28
75480,ROBERT HESSENS,Q18630234,ROBERT REINAGL,28
75480,ROBERT HESSENS,Q18915628,ROBERT LISCHKE,28
75480,ROBERT HESSENS,Q123078,ROBERT A. HEINLEIN,28
75480,ROBERT HESSENS,Q1351281,ROGER ENO,28
75480,ROBERT HESSENS,Q66091514,ROBERT FIRTH,28
75480,ROBERT HESSENS,Q7346875,ROBERT LEVON BEEN,28
75480,ROBERT HESSENS,Q7343015,ROBERT COHN,28
75480,ROBERT HESSENS,Q27043098,ROBERT H. LIEBERMAN,28
75480,ROBERT HESSENS,Q3137911,ROBERT GIBSON,28
75480,ROBERT HESSENS,Q7344356,ROBERT FISKE,28
75480,ROBERT HESSENS,Q1119237,ROBERT ESTRIN,28
75480,ROBERT HESSENS,Q5110081,CHRISTIAN ROBERTS,28
75480,ROBERT HESSENS,Q329922,ROBERT BRENNER,28
75480,ROBERT HESSENS,Q726298,ROBERT REED,28
75480,ROBERT HESSENS,Q7358519,ROGER LEE,28
75480,ROBERT HESSENS,Q3436027,ROBERT PAGET,28
75480,ROBERT HESSENS,Q288101,ROBERTA PETERS,27
75480,ROBERT HESSENS,Q7077664,ODEN ROBERTS,27
75480,ROBERT HESSENS,Q5078990,CHARLES HERBERT,27
75480,ROBERT HESSENS,Q28147320,ROBERTO PAEZ,27
75480,ROBERT HESSENS,Q3435899,ROBERT MELTZER,27
75480,ROBERT HESSENS,Q98755021,ROBERTO PEREZ,27
75480,ROBERT HESSENS,Q448752,ROBERTO BONINSEGNA,27
75480,ROBERT HESSENS,Q76735095,ROBERT BENTLEY,27
75480,ROBERT HESSENS,Q7347627,ROBERT MENZIES,27
75480,ROBERT HESSENS,Q7345822,ROBERT IVERS,27
75480,ROBERT HESSENS,Q1303498,ROBERT DREWE,27
75480,ROBERT HESSENS,Q7349238,ROBERT RENDEL,27
75480,ROBERT HESSENS,Q3938519,ROBERTA LENA,27
75480,ROBERT HESSENS,Q7344619,ROBERT G. JAHN,27
75480,ROBERT HESSENS,Q91958,ROBERT CIBIS,27
75480,ROBERT HESSENS,Q2531026,VOLKER HEISE,27
75480,ROBERT HESSENS,Q3938329,ROBERT KAZINSKY,27
75480,ROBERT HESSENS,Q16731223,ROBERT LANG,27
75480,ROBERT HESSENS,Q3436950,ROBERTO OMEGNA,27
75480,ROBERT HESSENS,Q3938846,ROBERTO GERVASO,27
75480,ROBERT HESSENS,Q99495277,ROBERT FIORE,26
75480,ROBERT HESSENS,Q310900,ROBERT FISK,26
75480,ROBERT HESSENS,Q3938781,ROBERTO ESCOBAR,26
75480,ROBERT HESSENS,Q7347286,ROBERT MAILHOUSE,26
75480,ROBERT HESSENS,Q7341467,ROBERT ALLEN,26
75480,ROBERT HESSENS,Q21517793,ROBERT CHRISTIAN,26
75480,ROBERT HESSENS,Q3938679,ROBERTO CENCI,26
75480,ROBERT HESSENS,Q7346792,ROBERT LEE,26
75480,ROBERT HESSENS,Q943228,ROBERTO HERNANDEZ,26
75480,ROBERT HESSENS,Q7340166,ROB GREEN,26
75480,ROBERT HESSENS,Q12333679,ROGER MATTHISEN,26
75480,ROBERT HESSENS,Q1472464,ROBERT DICKSON,26
75480,ROBERT HESSENS,Q1725499,ROBERT KRIEG,26
75480,ROBERT HESSENS,Q3424647,ROBERT F. CHEW,26
75480,ROBERT HESSENS,Q63513590,ROBERT MITAS,26
75480,ROBERT HESSENS,Q638020,ROBERT ATKINS,26
75480,ROBERT HESSENS,Q25189254,ROBERT FRIEDMAN,26
75480,ROBERT HESSENS,Q1322900,ROBERT BAER,26
75480,ROBERT HESSENS,Q7345255,ROBERT HARLAND,26
75480,ROBERT HESSENS,Q7342041,ROBERT BENTLEY,26
75480,ROBERT HESSENS,Q7346093,ROBERT JENSEN,26
75480,ROBERT HESSENS,Q914398,ROBERT LANG,26
75480,ROBERT HESSENS,Q366250,ROBERTO FREIRE,26
75480,ROBERT HESSENS,Q19958991,ROBERT BESTA,26
75480,ROBERT HESSENS,Q3434685,ROBERT BURNS,26
75480,ROBERT HESSENS,Q6027890,ROBERT OLSSON,26
75480,ROBERT HESSENS,Q3938278,ROBERT FYFE,26
75480,ROBERT HESSENS,Q7358326,ROGER HEMAN,25
75480,ROBERT HESSENS,Q7351595,ROBERTO BENABIB,25
75480,ROBERT HESSENS,Q977245,ROBERT STORM PETERSEN,25
75480,ROBERT HESSENS,Q77912466,ROBERTO ESPINOZA,25
75480,ROBERT HESSENS,Q3435380,ROBERT HENNION,25
75480,ROBERT HESSENS,Q1684323,ROBERT HARRIS,25
75480,ROBERT HESSENS,Q62023185,ROBERT JONES,25
75480,ROBERT HESSENS,Q1998648,ROBERT LLEWELLYN,25
75480,ROBERT HESSENS,Q1566207,JENNY ROBERTSON,25
75480,ROBERT HESSENS,Q19819395,PHILIPPE ROBERT,25
75480,ROBERT HESSENS,Q1122003,NORBERT BUSE,25
75480,ROBERT HESSENS,Q6109438,ROBERT EAST,25
75480,ROBERT HESSENS,Q15978301,ROBERT BELUSHI,25
75480,ROBERT HESSENS,Q6109801,ROBERTO HOYAS,25
75480,ROBERT HESSENS,Q27921948,ROBERTO REY,25
75480,ROBERT HESSENS,Q61826244,DYLAN ROBERT,25
75480,ROBERT HESSENS,Q106712696,ROBERT HASFOGEL,25
75480,ROBERT HESSENS,Q1811222,ROBERT HUGHES,25
75480,ROBERT HESSENS,Q23842851,ROBERT MORSE,25
75480,ROBERT HESSENS,Q4149584,ROBERT GREENBERG,25
75480,ROBERT HESSENS,Q2158587,ROBERT REHME,25
75480,ROBERT HESSENS,Q1370642,ROBERT GLASPER,25
75480,ROBERT HESSENS,Q64439600,MARLEE ROBERTS,25
75480,ROBERT HESSENS,Q64410044,ROBERT CAIN,25
75480,ROBERT HESSENS,Q1600793,HEINZ REBER,24
75480,ROBERT HESSENS,Q7344714,ROBERT GENTRY,24
75480,ROBERT HESSENS,Q16019118,NORBERT KLASSEN,24
75480,ROBERT HESSENS,Q526954,ROBERT BREER,24
75480,ROBERT HESSENS,Q35979524,GUNNAR ROBERT HANSEN,24
75480,ROBERT HESSENS,Q21468905,ROBERT LEE,24
75480,ROBERT HESSENS,Q7345519,ROBERT HIRSCHFELD,24
75480,ROBERT HESSENS,Q4354675,LUKE ROBERTS,24
75480,ROBERT HESSENS,Q17516061,ROBERT NESBITT,24
75480,ROBERT HESSENS,Q7342343,ROBERT BREULER,24
75480,ROBERT HESSENS,Q1634077,WERNER HESS,24
75480,ROBERT HESSENS,Q7358161,ROGER EVANS,24
75480,ROBERT HESSENS,Q892285,ROBERT ENGELS,24
75480,ROBERT HESSENS,Q11998084,ROBERT HANSEN,24
75480,ROBERT HESSENS,Q7346439,ROBERT KOENIG,24
75480,ROBERT HESSENS,Q2156413,ROBERT BAKER,24
75480,ROBERT HESSENS,Q2157033,ROBERT ERICKSON,24
75480,ROBERT HESSENS,Q2158226,ROBERT JOEL,24
75480,ROBERT HESSENS,Q95218570,ROBERT ANDREWS,24
75480,ROBERT HESSENS,Q27042913,ROBERT KOLINSKY,24
75480,ROBERT HESSENS,Q7347230,ROBERT MACLEAN,24
75480,ROBERT HESSENS,Q101406722,CHRISTOPHER ROBERTS,24
75480,ROBERT HESSENS,Q3938404,ROBERT REID,23
75480,ROBERT HESSENS,Q7349009,ROBERT PRATTEN,23
75480,ROBERT HESSENS,Q4203202,ROBERT HALL,23
75480,ROBERT HESSENS,Q21518548,ROBERT HOBBS,23
75480,ROBERT HESSENS,Q1749270,ROBERT ROBER,23
75480,ROBERT HESSENS,Q2592175,HAN ROMER,23
75480,ROBERT HESSENS,Q3718869,ED ROBERTSON,23
75480,ROBERT HESSENS,Q28805543,ROBERT IRWIN,23
75480,ROBERT HESSENS,Q7341212,ROBERT A. CHILDS,23
75480,ROBERT HESSENS,Q44592679,ROBERTO PANSERA,23
75480,ROBERT HESSENS,Q68539334,ROBERT GRAVES,23
75480,ROBERT HESSENS,Q65933875,ROBERT KENNEDY,23
75480,ROBERT HESSENS,Q106886,ROBERT HULTNER,23
75480,ROBERT HESSENS,Q107009135,ROBERT RENNIE,23
75480,ROBERT HESSENS,Q50863023,ROBERT PAPST,23
75480,ROBERT HESSENS,Q89922,ROBERT NEUMANN,22
75480,ROBERT HESSENS,Q15842683,ROBERT HOFMANN,22
75480,ROBERT HESSENS,Q7341656,ROBERT AUSTIN,22
75480,ROBERT HESSENS,Q7351523,ROBERTA MARQUES,22
75480,ROBERT HESSENS,Q328802,AUSTIN ROBERTS,22
75480,ROBERT HESSENS,Q3394891,ROBERTO CASTON,22
75480,ROBERT HESSENS,Q7342740,ROBERT CARDENAS,22
75480,ROBERT HESSENS,Q20512132,ROBERT HAKOBYAN,22
75480,ROBERT HESSENS,Q3434933,ROBERT DELPIRE,22
75480,ROBERT HESSENS,Q1601843,HELEN HORTON,22
75480,ROBERT HESSENS,Q93906,ROBERT FOSTER,22
75480,ROBERT HESSENS,Q924486,ROBERT DELEO,22
75480,ROBERT HESSENS,Q18925192,ROBERT BOON,22
75480,ROBERT HESSENS,Q7345399,ROBERT HENDRICKSON,21
75480,ROBERT HESSENS,Q70601,MARGOT ESKENS,21
75480,ROBERT HESSENS,Q22981791,ROBERT PATERSON,21
75480,ROBERT HESSENS,Q701078,ROBERT JACOBSEN,21
75480,ROBERT HESSENS,Q2158243,ROBERT MEYER,21
75480,ROBERT HESSENS,Q26916572,ROBERT A. JOHNSON,21
75480,ROBERT HESSENS,Q47009381,CAMERON ROBERTS,21
75480,ROBERT HESSENS,Q27554518,ROBERT BENGTSSON,21
75480,ROBERT HESSENS,Q47074346,ROBERT HARRIS,21
75480,ROBERT HESSENS,Q7342215,ROBERT BORDEN,21
75480,ROBERT HESSENS,Q20978667,PETER ROBERTS,21
75480,ROBERT HESSENS,Q5711235,ROBERT ENCKELL,21
75480,ROBERT HESSENS,Q79959098,ROGER HEEREMANN,21
75480,ROBERT HESSENS,Q1382152,JOEL ROBERT,21
75480,ROBERT HESSENS,Q5842291,ROBERTO HERNANDEZ,21
75480,ROBERT HESSENS,Q107204334,ROBERTO MARES,20
75480,ROBERT HESSENS,Q7343874,ROBERT E. PEARSON,20
75480,ROBERT HESSENS,Q7343924,ROBERT EARL,20
75480,ROBERT HESSENS,Q3434768,ROBERT CHAMBEIRON,20
75480,ROBERT HESSENS,Q22101660,ROBERT D. FRASER,20
75480,ROBERT HESSENS,Q862039,ROBERT ILER,20
75480,ROBERT HESSENS,Q7349078,ROBERT Q. LEWIS,20
75480,ROBERT HESSENS,Q3435734,ROBERT LEMIEUX,20
75480,ROBERT HESSENS,Q17284917,ROBERT ELLIS,20
75480,ROBERT HESSENS,Q7341456,ROBERT ALLEN,20
75480,ROBERT HESSENS,Q568839,ROBERT DE COTTE,20
75480,ROBERT HESSENS,Q23060969,ROBERT KUCHENBUCH,20
75480,ROBERT HESSENS,Q6109637,ROBERTO CANO,20
75480,ROBERT HESSENS,Q95862126,ROBERT JUHASZ,19
75480,ROBERT HESSENS,Q7348885,ROBERT PHILLIPS,19
75480,ROBERT HESSENS,Q99671049,GRANT ROBERT KEELAN,19
75480,ROBERT HESSENS,Q3435948,ROBERT MONDERIE,19
75480,ROBERT HESSENS,Q26844936,NICOLAS ROBERTS,19
75480,ROBERT HESSENS,Q5416413,EVELYN ROBERTS,19
75480,ROBERT HESSENS,Q498775,ROBERT L. GIBSON,19
75480,ROBERT HESSENS,Q472131,ROBERT ANDERSON,19
75480,ROBERT HESSENS,Q4280519,ROBERT MANN,19
75480,ROBERT HESSENS,Q1665117,ROBERT LYONS,18
75480,ROBERT HESSENS,Q7342507,ROBERT BURKE,18
75480,ROBERT HESSENS,Q62023193,ROBERT HALL,17
75480,ROBERT HESSENS,Q7341941,ROBERT BAUER,17
75480,ROBERT HESSENS,Q9310861,ROBERT JANSON,17
75480,ROBERT HESSENS,Q7343999,ROBERT EEN,17
75480,ROBERT HESSENS,Q16216808,HELEN TURNER,17
75480,ROBERT HESSENS,Q3436039,ROBERT PARIENTE,17
75480,ROBERT HESSENS,Q246953,ROBERT HUGH BENSON,17
75480,ROBERT HESSENS,Q22678126,ROBERT EMMET LUNNEY,17
75480,ROBERT HESSENS,Q7343129,ROBERT COSGROVE,14
75480,ROBERT HESSENS,Q4812030,ROBERT AMES BENNET,14
75480,ROBERT HESSENS,Q515008,ROBERT CHAMBERS,12
75480,ROBERT HESSENS,Q4289164,ROBERT MASON,12
75480,ROBERT HESSENS,Q38054795,ROBERT DEPUIS,12
75480,ROBERT HESSENS,Q108271180,ROBERT NELSON,12
75480,ROBERT HESSENS,Q60709429,HUBERTUS HIESS,12
75480,ROBERT HESSENS,Q22114963,ROBERT FESTINGER,11
75480,ROBERT HESSENS,Q22914962,ROBERT HALAK,11
75480,ROBERT HESSENS,Q108073340,DENIS IMBERT,11
75480,ROBERT HESSENS,Q961003,ROBERT BYRNE,11
75480,ROBERT HESSENS,Q12049508,ROBERT KRESTAN,11
75480,ROBERT HESSENS,Q20743068,ROBERT REEVES,11
75480,ROBERT HESSENS,Q2156826,ROBERT DALEY,11
75480,ROBERT HESSENS,Q9310933,ROBERT KUDELSKI,11
75480,ROBERT HESSENS,Q708902,ROBERT KAJANUS,10
75480,ROBERT HESSENS,Q59359907,ROBERT EGON,10
75480,ROBERT HESSENS,Q43393,ROBERT BOYLE,9
75480,ROBERT HESSENS,Q1227849,ROBERT PAJER,0
75480,ROBERT HESSENS,Q94497347,ROBERT PORCHET,0
75480,ROBERT HESSENS,Q1454797,ROBERT HUGUES-LAMBERT,0
75480,ROBERT HESSENS,Q5554132,BERNT ANDERSSON,0
75480,ROBERT HESSENS,Q5829229,ELENA ROMERO,0
75480,ROBERT HESSENS,Q12751655,EUGEN VERBER,0
75480,ROBERT HESSENS,Q5783029,ROBERT HAHN,0
75480,ROBERT HESSENS,Q95709219,HEIKE RUBBERT,0
75480,ROBERT HESSENS,Q12049498,ROBERT JISA,0
75480,ROBERT HESSENS,Q12043151,OTA HERES,0
75480,ROBERT HESSENS,Q5883040,OLFERT JESPERSEN,0
75480,ROBERT HESSENS,Q95873320,ROBERT HANDRICK,0
75480,ROBERT HESSENS,Q6109725,ROBERTO ESCOBAR,0
75480,ROBERT HESSENS,Q61967591,ROBERT DESROSIERS,0
75480,ROBERT HESSENS,Q106714421,ROBERT JAGER,0
75480,ROBERT HESSENS,Q106714323,ROBERT RALSTON,0
75480,ROBERT HESSENS,Q106485326,DOREEN KROBER,0
75480,ROBERT HESSENS,Q106284079,ROBERTO RESTREPO,0
75480,ROBERT HESSENS,Q689802,ROBERT HEBRAS,0
75480,ROBERT HESSENS,Q101383,HANS REFFERT,0
75480,ROBERT HESSENS,Q26877151,HENDRIK LOBBERT,0
75480,ROBERT HESSENS,Q3302382,ROBERT NDRENIKA,0
75480,ROBERT HESSENS,Q15970650,ROBERT DESTANQUE,0
75480,ROBERT HESSENS,Q38052577,ROBERT MADSEN,0
75480,ROBERT HESSENS,Q3435314,ROBERT GYS,0
75480,ROBERT HESSENS,Q3435388,ROBERT HESSENS,0
75480,ROBERT HESSENS,Q76454196,SOREN JESSEN,0
75480,ROBERT HESSENS,Q21401208,ROBERTO ESCOBAR,0
75480,ROBERT HESSENS,Q3436032,ROBERT PANSARD-BESSON,0
75480,ROBERT HESSENS,Q20435417,ROBERT BAN,0
75480,ROBERT HESSENS,Q30334298,ROBERT MAASER,0
75480,ROBERT HESSENS,Q2030640,ROBERT REICHEL,0
75480,ROBERT HESSENS,Q3440223,ROBERT ASCHBERG,0
75480,ROBERT HESSENS,Q1996836,NORBERT HEITKER,0
75480,ROBERT HESSENS,Q346123,ROBERT BERRY,0
75480,ROBERT HESSENS,Q38051181,ROBERT HANSEN,0
75480,ROBERT HESSENS,Q38052567,ROBERT DANIELS,0
75480,ROBERT HESSENS,Q18061326,ROBERT HAJEK,0
75480,ROBERT HESSENS,Q3434531,ROBERT BEAUDOIN,0
75480,ROBERT HESSENS,Q87399426,KURT HESSELGREN,0
75480,ROBERT HESSENS,Q7344537,ROBERT FREMR,0
75480,ROBERT HESSENS,Q41743507,ROBERT FESSEL,0
75480,ROBERT HESSENS,Q170095,ROBERT DESNOS,0
75480,ROBERT HESSENS,Q1687310,JENS NEUBERT,0
75480,ROBERT HESSENS,Q42315866,ROBERT MATSER,0
75480,ROBERT HESSENS,Q2157494,ROBERT HAUER-RIEDL,0
75480,ROBERT HESSENS,Q216670,ROBERT KATSCHER,0
75480,ROBERT HESSENS,Q16398399,ROBERT ELIBEKYAN,0
75480,ROBERT HESSENS,Q2966468,CHRISTOPHE ROUBERT,0
75480,ROBERT HESSENS,Q2157543,ROBERT HERLTH,0
75480,ROBERT HESSENS,Q7351493,ROBERTA CLOSE,0
75480,ROBERT HESSENS,Q2158057,ROBERT LINKE,0
75480,ROBERT HESSENS,Q29509523,MORITZ ESSER,0
