acmi_id,acmi_name,wikidata_id,wikidata_name,match
76514,STEVE CHRISTIANSEN,Q2481772,CHRISTIAN RUB,59
76514,STEVE CHRISTIANSEN,Q325970,CHRISTIAN MATRAS,57
76514,STEVE CHRISTIANSEN,Q1609167,CHRISTIAN VADIM,55
76514,STEVE CHRISTIANSEN,Q144896,CHRISTIAN COLSON,55
76514,STEVE CHRISTIANSEN,Q180338,CHRISTOPHER LEE,54
76514,STEVE CHRISTIANSEN,Q3437193,ROBINSON STEVENIN,54
76514,STEVE CHRISTIANSEN,Q2965432,CHRISTIAN LUDE,53
76514,STEVE CHRISTIANSEN,Q2965751,CHRISTIANE COHENDY,53
76514,STEVE CHRISTIANSEN,Q236164,LINDA CHRISTIAN,53
76514,STEVE CHRISTIANSEN,Q1140409,CRISTINA RAINES,52
76514,STEVE CHRISTIANSEN,Q11963757,CHRISTINE CONRADT,52
76514,STEVE CHRISTIANSEN,Q554787,CHRISTIAN DE SICA,52
76514,STEVE CHRISTIANSEN,Q451637,CHRISTINE PASCAL,52
76514,STEVE CHRISTIANSEN,Q4019959,RICH CHRISTIANO,52
76514,STEVE CHRISTIANSEN,Q2094606,STEVE COCHRAN,51
76514,STEVE CHRISTIANSEN,Q975919,STEVE HARRIS,51
76514,STEVE CHRISTIANSEN,Q16473,STEVE MARTIN,51
76514,STEVE CHRISTIANSEN,Q3676033,BO CHRISTENSEN,51
76514,STEVE CHRISTIANSEN,Q530997,JESPER CHRISTENSEN,50
76514,STEVE CHRISTIANSEN,Q728214,CHRISTIAN-JAQUE,50
76514,STEVE CHRISTIANSEN,Q2305958,CHRISTIANE MARTEL,50
76514,STEVE CHRISTIANSEN,Q2965651,CHRISTIAN STOLTE,50
76514,STEVE CHRISTIANSEN,Q153372,CHARLES STEVENS,50
76514,STEVE CHRISTIANSEN,Q1942940,STEVE RANKIN,50
76514,STEVE CHRISTIANSEN,Q1189407,CHRISTINA COLE,50
76514,STEVE CHRISTIANSEN,Q12338499,SOREN CHRISTENSEN,50
76514,STEVE CHRISTIANSEN,Q29940081,CHRISTIAN MARTIN SCHAFER,50
76514,STEVE CHRISTIANSEN,Q96642,HANS-CHRISTIAN SCHMID,50
76514,STEVE CHRISTIANSEN,Q40012204,POUL ERIK CHRISTENSEN,50
76514,STEVE CHRISTIANSEN,Q6333052,LENE MARIA CHRISTENSEN,49
76514,STEVE CHRISTIANSEN,Q65115619,CHRISTINE FALCO,49
76514,STEVE CHRISTIANSEN,Q1082059,CHRISTIAN TASCHE,48
76514,STEVE CHRISTIANSEN,Q78880,MADY CHRISTIANS,48
76514,STEVE CHRISTIANSEN,Q204590,CHRISTIAN SLATER,48
76514,STEVE CHRISTIANSEN,Q310692,CHRISTIAN CLAVIER,48
76514,STEVE CHRISTIANSEN,Q23900757,STEVEN ANDERSON,48
76514,STEVE CHRISTIANSEN,Q692563,CHRISTINE CITTI,48
76514,STEVE CHRISTIANSEN,Q3973330,STEVE EASTIN,48
76514,STEVE CHRISTIANSEN,Q232941,CHRISTINE LAHTI,48
76514,STEVE CHRISTIANSEN,Q2965972,CHRISTINE PIGNET,48
76514,STEVE CHRISTIANSEN,Q126599,KRISTEN STEWART,48
76514,STEVE CHRISTIANSEN,Q2965943,CHRISTINE HAKIM,48
76514,STEVE CHRISTIANSEN,Q2965328,CHRISTIAN HECQ,48
76514,STEVE CHRISTIANSEN,Q5371276,EMIL HASS CHRISTENSEN,47
76514,STEVE CHRISTIANSEN,Q181413,JULIE CHRISTIE,47
76514,STEVE CHRISTIANSEN,Q1346639,STEVEN FRANKEN,47
76514,STEVE CHRISTIANSEN,Q1082213,CHRISTIAN WAGNER,47
76514,STEVE CHRISTIANSEN,Q274080,CHRISSIE WHITE,47
76514,STEVE CHRISTIANSEN,Q275543,VIRGINIA CHRISTINE,47
76514,STEVE CHRISTIANSEN,Q1083779,CHRISTINE SCHORN,47
76514,STEVE CHRISTIANSEN,Q1082013,CHRISTIAN STEYER,47
76514,STEVE CHRISTIANSEN,Q26214500,CHRISTOPHE SERMET,47
76514,STEVE CHRISTIANSEN,Q2086266,CHRISTIAN FECHNER,47
76514,STEVE CHRISTIANSEN,Q962221,ERIC CHRISTIAN OLSEN,47
76514,STEVE CHRISTIANSEN,Q549961,STEVE RAILSBACK,47
76514,STEVE CHRISTIANSEN,Q301473,STINE FISCHER CHRISTENSEN,47
76514,STEVE CHRISTIANSEN,Q436847,CHRISTINE VACHON,47
76514,STEVE CHRISTIANSEN,Q174311,CHRISTOPHER REEVE,47
76514,STEVE CHRISTIANSEN,Q11100264,TERJE KRISTIANSEN,47
76514,STEVE CHRISTIANSEN,Q3056247,ERIC CHRISTMAS,47
76514,STEVE CHRISTIANSEN,Q2965259,CHRISTIAN FOURCADE,47
76514,STEVE CHRISTIANSEN,Q69108,CHRISTIANE PAUL,47
76514,STEVE CHRISTIANSEN,Q2965232,CHRISTIAN DUVALEIX,47
76514,STEVE CHRISTIANSEN,Q2925592,BRINKE STEVENS,47
76514,STEVE CHRISTIANSEN,Q2965692,CHRISTIAN VINCENT,47
76514,STEVE CHRISTIANSEN,Q192812,HAYDEN CHRISTENSEN,47
76514,STEVE CHRISTIANSEN,Q1083162,CHRISTINA GROSSE,46
76514,STEVE CHRISTIANSEN,Q2965332,CHRISTIAN HENSON,46
76514,STEVE CHRISTIANSEN,Q1083566,CHRISTINE HARBORT,46
76514,STEVE CHRISTIANSEN,Q159694,CHRISTIAN DIOR,46
76514,STEVE CHRISTIANSEN,Q2965628,CHRISTIAN SENGEWALD,46
76514,STEVE CHRISTIANSEN,Q2473598,UELI CHRISTEN,46
76514,STEVE CHRISTIANSEN,Q33436603,CHRISTEN MOLLER,46
76514,STEVE CHRISTIANSEN,Q440348,CHRISTA THERET,46
76514,STEVE CHRISTIANSEN,Q456219,STEVE BURNS,46
76514,STEVE CHRISTIANSEN,Q1699611,JOHN CHRISTIAN ROSENLUND,46
76514,STEVE CHRISTIANSEN,Q730169,ROGER CHRISTIAN,46
76514,STEVE CHRISTIANSEN,Q3308529,MICHAEL STEVENS,46
76514,STEVE CHRISTIANSEN,Q5110788,CHRISTINA HART,46
76514,STEVE CHRISTIANSEN,Q11963724,CHRISTIANE ROHDE,46
76514,STEVE CHRISTIANSEN,Q2965767,CHRISTIANE JEAN,45
76514,STEVE CHRISTIANSEN,Q12306241,CHRISTIANE BJORG NIELSEN,45
76514,STEVE CHRISTIANSEN,Q949121,SHAWN CHRISTIAN,45
76514,STEVE CHRISTIANSEN,Q556721,STEVEN ST. CROIX,45
76514,STEVE CHRISTIANSEN,Q233022,CHRISTINE TAYLOR,45
76514,STEVE CHRISTIANSEN,Q3498934,STEVE GIANNELLI,45
76514,STEVE CHRISTIANSEN,Q2965730,CHRISTIAN DE TILLIERE,45
76514,STEVE CHRISTIANSEN,Q1789245,KRISTIAN SCHULTZE,45
76514,STEVE CHRISTIANSEN,Q2390063,CHRISTIANE PASQUIER,45
76514,STEVE CHRISTIANSEN,Q2762227,CHRISTINE VAN MEETEREN,45
76514,STEVE CHRISTIANSEN,Q1081060,CHRISTIAN MCKAY,45
76514,STEVE CHRISTIANSEN,Q1081867,CHRISTIAN SEBALDT,45
76514,STEVE CHRISTIANSEN,Q272176,CHRISTINE LAKIN,45
76514,STEVE CHRISTIANSEN,Q366703,CHRISTIAN NYBY,44
76514,STEVE CHRISTIANSEN,Q7295095,RASMUS CHRISTIANSEN,44
76514,STEVE CHRISTIANSEN,Q5111054,CHRISTINE HORNE,44
76514,STEVE CHRISTIANSEN,Q234564,ERIKA CHRISTENSEN,44
76514,STEVE CHRISTIANSEN,Q22966597,CHRISTIAN HARTING,44
76514,STEVE CHRISTIANSEN,Q28811055,STEEN JOHANNESSEN,44
76514,STEVE CHRISTIANSEN,Q41743437,JORGEN CHRISTIAN JENSEN,44
76514,STEVE CHRISTIANSEN,Q1082761,CHRISTIANE MAYBACH,44
76514,STEVE CHRISTIANSEN,Q939321,OLE CHRISTIAN MADSEN,44
76514,STEVE CHRISTIANSEN,Q2965785,CHRISTIANE MILLET,44
76514,STEVE CHRISTIANSEN,Q1166925,STEVE KAHAN,44
76514,STEVE CHRISTIANSEN,Q1079204,CHRISTIAN CLEMENSON,44
76514,STEVE CHRISTIANSEN,Q28504105,KENNETH M. CHRISTENSEN,44
76514,STEVE CHRISTIANSEN,Q11903371,SHAWN CHRISTENSEN,44
76514,STEVE CHRISTIANSEN,Q462318,CRISTIANA REALI,44
76514,STEVE CHRISTIANSEN,Q391445,CHRISTINE ESTABROOK,44
76514,STEVE CHRISTIANSEN,Q11963712,CHRISTIAN TAFDRUP,44
76514,STEVE CHRISTIANSEN,Q120607,CHRISTA SIEMS,44
76514,STEVE CHRISTIANSEN,Q5608350,VALDEMAR CHRISTENSEN,44
76514,STEVE CHRISTIANSEN,Q7668168,T. C. CHRISTENSEN,44
76514,STEVE CHRISTIANSEN,Q1079849,CHRISTIAN GION,44
76514,STEVE CHRISTIANSEN,Q20873777,CHRISTIAN LABHART,44
76514,STEVE CHRISTIANSEN,Q1082708,CHRISTIANE JANSEN,44
76514,STEVE CHRISTIANSEN,Q12313931,GITTE SIEM CHRISTENSEN,44
76514,STEVE CHRISTIANSEN,Q67268,CHRISTIAN PETZOLD,44
76514,STEVE CHRISTIANSEN,Q65115612,CHRISTIAN MARCOTTE,44
76514,STEVE CHRISTIANSEN,Q2964984,CHRISTIAN-GERARD,44
76514,STEVE CHRISTIANSEN,Q107404,STEVE MINER,44
76514,STEVE CHRISTIANSEN,Q2965958,CHRISTINE MAYO,44
76514,STEVE CHRISTIANSEN,Q1801272,LAURA CHRISTENSEN,44
76514,STEVE CHRISTIANSEN,Q4993690,CHRISTIAN SCHRODER,44
76514,STEVE CHRISTIANSEN,Q5109680,CHRISTIAN HARTMANN,44
76514,STEVE CHRISTIANSEN,Q101618,CHRISTIAN WOLFF,43
76514,STEVE CHRISTIANSEN,Q3194124,KATIA CHRISTINE,43
76514,STEVE CHRISTIANSEN,Q1945547,ANNICK CHRISTIAENS,43
76514,STEVE CHRISTIANSEN,Q3655880,CHRISTIAN RUBECK,43
76514,STEVE CHRISTIANSEN,Q17374209,CHRISTOPHE TEK,43
76514,STEVE CHRISTIANSEN,Q3499236,STEVEN HILLIARD STERN,43
76514,STEVE CHRISTIANSEN,Q15794217,CHRISTIAN KLANDT,43
76514,STEVE CHRISTIANSEN,Q2965647,CHRISTIAN STENGEL,43
76514,STEVE CHRISTIANSEN,Q85097728,CHRISTINA HEMAUER,43
76514,STEVE CHRISTIANSEN,Q5110794,CHRISTINA JENNINGS,43
76514,STEVE CHRISTIANSEN,Q1080329,CHRISTIAN HOENING,43
76514,STEVE CHRISTIANSEN,Q2623963,STEVE ANTIN,43
76514,STEVE CHRISTIANSEN,Q16703511,CRISTIAN SOTO,43
76514,STEVE CHRISTIANSEN,Q2632767,STEVE RASH,43
76514,STEVE CHRISTIANSEN,Q16494255,PAULETTE CHRISTIAN,43
76514,STEVE CHRISTIANSEN,Q1083782,CHRISTINE SCHUBERTH,43
76514,STEVE CHRISTIANSEN,Q7613194,STEVE LUCAS,43
76514,STEVE CHRISTIANSEN,Q18912980,JENS CHRISTIAN FODSTAD,43
76514,STEVE CHRISTIANSEN,Q639318,CHRISTIAN MARIN,43
76514,STEVE CHRISTIANSEN,Q104815,HERMINE STERLER,43
76514,STEVE CHRISTIANSEN,Q5110140,CHRISTIAN SKOLMEN,43
76514,STEVE CHRISTIANSEN,Q104008,CHRISTIAN DOERMER,43
76514,STEVE CHRISTIANSEN,Q3498913,STEVE ECKHARDT,43
76514,STEVE CHRISTIANSEN,Q376162,CRISTIAN SOLIMENO,43
76514,STEVE CHRISTIANSEN,Q437438,CHRISTINE EBERSOLE,43
76514,STEVE CHRISTIANSEN,Q1139996,CHRISTIAN COOKE,43
76514,STEVE CHRISTIANSEN,Q2965909,CHRISTINE DEJOUX,43
76514,STEVE CHRISTIANSEN,Q7614491,STEVEN BERNSTEIN,43
76514,STEVE CHRISTIANSEN,Q1081613,CHRISTIAN ROHDE,43
76514,STEVE CHRISTIANSEN,Q2965940,CHRISTINE LAURENT,43
76514,STEVE CHRISTIANSEN,Q13371902,CATHERINE SALEE,42
76514,STEVE CHRISTIANSEN,Q1996701,NORBERT CHRISTIAN,42
76514,STEVE CHRISTIANSEN,Q15039916,STEVEN COLLINS,42
76514,STEVE CHRISTIANSEN,Q366281,LARS SAABYE CHRISTENSEN,42
76514,STEVE CHRISTIANSEN,Q40523524,JORGEN CHRISTIANSEN,42
76514,STEVE CHRISTIANSEN,Q97479216,CHRISTIAN TYCHSEN,42
76514,STEVE CHRISTIANSEN,Q65115614,CHRISTIAN RIVEST,42
76514,STEVE CHRISTIANSEN,Q13077265,CHRISTIANE LENIER,42
76514,STEVE CHRISTIANSEN,Q23059954,CHRISTIAN LONK,42
76514,STEVE CHRISTIANSEN,Q12337951,SVEND JOHANSEN,42
76514,STEVE CHRISTIANSEN,Q12339154,THEODOR CHRISTENSEN,42
76514,STEVE CHRISTIANSEN,Q4021129,DAVE CHRISTIANO,42
76514,STEVE CHRISTIANSEN,Q7612835,STEVE HIGGINS,42
76514,STEVE CHRISTIANSEN,Q23678526,CHRISTIAN LIMMER,42
76514,STEVE CHRISTIANSEN,Q745092,CODY CHRISTIAN,42
76514,STEVE CHRISTIANSEN,Q2965484,CHRISTIAN MORIN,42
76514,STEVE CHRISTIANSEN,Q2965495,CHRISTIAN MERY,42
76514,STEVE CHRISTIANSEN,Q77991,CHRISTIAN ULMEN,42
76514,STEVE CHRISTIANSEN,Q7615002,STEVEN M. MARTIN,42
76514,STEVE CHRISTIANSEN,Q76149,CHRISTIAN TRAMITZ,42
76514,STEVE CHRISTIANSEN,Q5109556,CHRISTIAN E. CHRISTIANSEN,42
76514,STEVE CHRISTIANSEN,Q35980279,CHRISTINA CHRISTENSEN,42
76514,STEVE CHRISTIANSEN,Q2965634,CHRISTIAN SIEVERT,42
76514,STEVE CHRISTIANSEN,Q21032180,CHRISTINE A. MAIER,42
76514,STEVE CHRISTIANSEN,Q7610592,STEPHEN STANTON,42
76514,STEVE CHRISTIANSEN,Q548112,CHRISTIANE HORBIGER,42
76514,STEVE CHRISTIANSEN,Q553276,STEVE ALLEN,42
76514,STEVE CHRISTIANSEN,Q5111135,CHRISTINE NORDEN,42
76514,STEVE CHRISTIANSEN,Q2412996,CHRISTIAN CLOAREC,42
76514,STEVE CHRISTIANSEN,Q122340,CHRISTA LOSER,42
76514,STEVE CHRISTIANSEN,Q16968300,STEVEN MCRAE,42
76514,STEVE CHRISTIANSEN,Q12305980,CHRISTIAN GRONVALL,42
76514,STEVE CHRISTIANSEN,Q709768,STEVEN CHEUNG,42
76514,STEVE CHRISTIANSEN,Q206534,STEPHEN CRANE,41
76514,STEVE CHRISTIANSEN,Q95223358,CHRISTIAN PRETTIN,41
76514,STEVE CHRISTIANSEN,Q1082246,CHRISTIAN WEHRSCHUTZ,41
76514,STEVE CHRISTIANSEN,Q33102218,MICHAEL CHRISTENSEN,41
76514,STEVE CHRISTIANSEN,Q104373,CHRISTIAN DITTER,41
76514,STEVE CHRISTIANSEN,Q103197,CHRISTIAN REDL,41
76514,STEVE CHRISTIANSEN,Q107630,CHRISTIANE SCHMIDTMER,41
76514,STEVE CHRISTIANSEN,Q12306298,CHRISTINE MARIE DINESEN,41
76514,STEVE CHRISTIANSEN,Q5186397,CRISTINE REYES,41
76514,STEVE CHRISTIANSEN,Q42912788,CHRISTIAN SIMON,41
76514,STEVE CHRISTIANSEN,Q20817281,CHRISTIAN REIN,41
76514,STEVE CHRISTIANSEN,Q89065,EVA CHRISTIAN,41
76514,STEVE CHRISTIANSEN,Q123400,CHRISTIAN FREI,41
76514,STEVE CHRISTIANSEN,Q74720,CHRISTIANE TORLONI,41
76514,STEVE CHRISTIANSEN,Q1079558,CHRISTIAN FRIEDEL,41
76514,STEVE CHRISTIANSEN,Q5110254,CHRISTIAN VUISSA,41
76514,STEVE CHRISTIANSEN,Q95882919,CHRISTIAN REINER,41
76514,STEVE CHRISTIANSEN,Q5109654,CHRISTIAN GUDEGAST,41
76514,STEVE CHRISTIANSEN,Q1083719,CHRISTINE NGUYEN,41
76514,STEVE CHRISTIANSEN,Q7612896,STEVE HUISON,41
76514,STEVE CHRISTIANSEN,Q22676450,STEELE STEBBINS,41
76514,STEVE CHRISTIANSEN,Q2073385,PETER-CHRISTIAN FUETER,41
76514,STEVE CHRISTIANSEN,Q2965646,CHRISTIAN SINNIGER,41
76514,STEVE CHRISTIANSEN,Q12725952,CRISTIAN SOFRON,41
76514,STEVE CHRISTIANSEN,Q16387893,CHRISTIAN PATZOLD,40
76514,STEVE CHRISTIANSEN,Q188696,CHRISTIAN VIERI,40
76514,STEVE CHRISTIANSEN,Q5729817,CHRISTIAN FIEDLER,40
76514,STEVE CHRISTIANSEN,Q3498843,STEVE ASSELIN,40
76514,STEVE CHRISTIANSEN,Q5608335,PELLE CHRISTENSEN,40
76514,STEVE CHRISTIANSEN,Q16210787,CHRISTINE EVANGELISTA,40
76514,STEVE CHRISTIANSEN,Q1772927,PER CHRISTIAN ELLEFSEN,40
76514,STEVE CHRISTIANSEN,Q5608346,ROLF CHRISTENSEN,40
76514,STEVE CHRISTIANSEN,Q380904,STEVE SCHIRRIPA,40
76514,STEVE CHRISTIANSEN,Q21574198,STEVEN CREE,40
76514,STEVE CHRISTIANSEN,Q5767410,CHRISTIAN CLARK,40
76514,STEVE CHRISTIANSEN,Q5767535,CHRISTIAN TAPPAN,40
76514,STEVE CHRISTIANSEN,Q1998010,SHANE STEVENS,40
76514,STEVE CHRISTIANSEN,Q61677,CHRISTIAN OLIVER,40
76514,STEVE CHRISTIANSEN,Q38052491,PETER CHRISTOFFERSEN,40
76514,STEVE CHRISTIANSEN,Q1080623,CHRISTIAN KLISCHAT,40
76514,STEVE CHRISTIANSEN,Q2965533,CHRISTIAN PEREIRA,40
76514,STEVE CHRISTIANSEN,Q4981274,CHRISTINE WILLES,40
76514,STEVE CHRISTIANSEN,Q1082448,CHRISTIAN ZUBERT,40
76514,STEVE CHRISTIANSEN,Q4980331,CHRISTINA STENIUS,40
76514,STEVE CHRISTIANSEN,Q7829466,TOVE CHRISTENSEN,40
76514,STEVE CHRISTIANSEN,Q47330826,STEVEN HARRISON,40
76514,STEVE CHRISTIANSEN,Q47014267,CHRISTIAN STRASSER,40
76514,STEVE CHRISTIANSEN,Q289518,CHRISTINA MOORE,40
76514,STEVE CHRISTIANSEN,Q290156,CHRISTINE WOODS,40
76514,STEVE CHRISTIANSEN,Q45180738,CHRISTINE LAURENT,40
76514,STEVE CHRISTIANSEN,Q91933,CHRISTOPH LAUENSTEIN,40
76514,STEVE CHRISTIANSEN,Q1083130,CHRISTINA EBELT,40
76514,STEVE CHRISTIANSEN,Q9345795,STEVE HYTNER,40
76514,STEVE CHRISTIANSEN,Q107940042,CRISTIANE OLIVEIRA,40
76514,STEVE CHRISTIANSEN,Q9345832,STIAN KRISTIANSEN,40
76514,STEVE CHRISTIANSEN,Q1078759,CHRISTIAN KOCH,40
76514,STEVE CHRISTIANSEN,Q2965248,CHRISTIAN FAURE,40
76514,STEVE CHRISTIANSEN,Q2965261,CHRISTIAN FRANCOIS,40
76514,STEVE CHRISTIANSEN,Q34034655,CHRISTIAN NAUHEIMER,40
76514,STEVE CHRISTIANSEN,Q105216507,CHRISTINE HOFFET,40
76514,STEVE CHRISTIANSEN,Q431435,PERNILLE FISCHER CHRISTENSEN,40
76514,STEVE CHRISTIANSEN,Q102672,CHRISTINE NEUBAUER,40
76514,STEVE CHRISTIANSEN,Q22928397,CHRISTIAN FROSCH,40
76514,STEVE CHRISTIANSEN,Q27043582,STEVEN JOHNSON,40
76514,STEVE CHRISTIANSEN,Q5111128,CHRISTINE MCINTYRE,40
76514,STEVE CHRISTIANSEN,Q266788,CRISTIAN DE LA FUENTE,40
76514,STEVE CHRISTIANSEN,Q15729589,CHRISTIAN COUSINS,40
76514,STEVE CHRISTIANSEN,Q15453990,CARSTEN THIELE,40
76514,STEVE CHRISTIANSEN,Q5186202,CRISTIAN HEYNE,40
76514,STEVE CHRISTIANSEN,Q62899,STEVE MANN,40
76514,STEVE CHRISTIANSEN,Q14286,CHRIS EVERT,40
76514,STEVE CHRISTIANSEN,Q23060569,CHRISTIAN HEYNE,40
76514,STEVE CHRISTIANSEN,Q13466264,CHRISTIANE ENSSLIN,40
76514,STEVE CHRISTIANSEN,Q6646532,LISTIN STEPHEN,40
76514,STEVE CHRISTIANSEN,Q235719,CHRISTIAN SERRATOS,40
76514,STEVE CHRISTIANSEN,Q12320462,JULIE CHRISTIANSEN,40
76514,STEVE CHRISTIANSEN,Q12306187,CHRISTIAN TORPE,40
76514,STEVE CHRISTIANSEN,Q12056413,STEVE LICHTAG,40
76514,STEVE CHRISTIANSEN,Q7239361,PREBEN KRISTENSEN,40
76514,STEVE CHRISTIANSEN,Q12305557,CAY KRISTIANSEN,40
76514,STEVE CHRISTIANSEN,Q24705658,CHRISTIAN JOHNSTON,40
76514,STEVE CHRISTIANSEN,Q11963671,CHRISTIAN LO,40
76514,STEVE CHRISTIANSEN,Q2515043,CHRISTINE VAN STRALEN,40
76514,STEVE CHRISTIANSEN,Q2527094,CHRISTIAN POTENZA,40
76514,STEVE CHRISTIANSEN,Q25349967,CHRISTIAN SIMPSON,40
76514,STEVE CHRISTIANSEN,Q41674744,CHRISTIAN KOCH,40
76514,STEVE CHRISTIANSEN,Q45180949,CHRISTINE LAURENT,39
76514,STEVE CHRISTIANSEN,Q44537,CHRISTIAN,39
76514,STEVE CHRISTIANSEN,Q466056,CHRISTIANE LEGRAND,39
76514,STEVE CHRISTIANSEN,Q24705713,CHRISTIAN KRONES,39
76514,STEVE CHRISTIANSEN,Q2482035,STEVE CONTE,39
76514,STEVE CHRISTIANSEN,Q2965778,CHRISTIANE LUDOT,39
76514,STEVE CHRISTIANSEN,Q22671083,CHRISTIAN WUSTENBERG,39
76514,STEVE CHRISTIANSEN,Q5109771,CHRISTIAN J. FRANK,39
76514,STEVE CHRISTIANSEN,Q433148,CHRISTIAN LAETTNER,39
76514,STEVE CHRISTIANSEN,Q1082808,CHRISTIANE RUCKER,39
76514,STEVE CHRISTIANSEN,Q18001896,CHRISTIAN RIST,39
76514,STEVE CHRISTIANSEN,Q2965989,CHRISTINE SIMON,39
76514,STEVE CHRISTIANSEN,Q861227,CHRIS STEIN,39
76514,STEVE CHRISTIANSEN,Q15448943,CHRISTIAN GASC,39
76514,STEVE CHRISTIANSEN,Q838032,CHRISTINE NG,39
76514,STEVE CHRISTIANSEN,Q83161467,STEVE ORGAN,39
76514,STEVE CHRISTIANSEN,Q12306285,CHRISTINA IBSEN MEYER,39
76514,STEVE CHRISTIANSEN,Q7322168,RIANN STEELE,39
76514,STEVE CHRISTIANSEN,Q2965788,CHRISTIANE MULLER,39
76514,STEVE CHRISTIANSEN,Q13102115,CHRISTIAN KMIOTEK,39
76514,STEVE CHRISTIANSEN,Q5791533,CRISTINA TORRES,39
76514,STEVE CHRISTIANSEN,Q5788646,SVERRE HANSEN,39
76514,STEVE CHRISTIANSEN,Q901137,WARREN CHRISTIE,39
76514,STEVE CHRISTIANSEN,Q76936994,KIRSTEN CHRISTENSEN,39
76514,STEVE CHRISTIANSEN,Q2965926,CHRISTINE GOUZE-RENAL,39
76514,STEVE CHRISTIANSEN,Q7612124,STEVE BYRNE,39
76514,STEVE CHRISTIANSEN,Q7612754,STEVE HANFT,39
76514,STEVE CHRISTIANSEN,Q18168081,STEVE HOBAN,39
76514,STEVE CHRISTIANSEN,Q2965925,CHRISTINE FABREGA,39
76514,STEVE CHRISTIANSEN,Q7613741,STEVE RICHARD HARRIS,39
76514,STEVE CHRISTIANSEN,Q7613742,STEVE RICHARDS,39
76514,STEVE CHRISTIANSEN,Q97784783,SCOTT CHRISTIAN SAVA,39
76514,STEVE CHRISTIANSEN,Q3367977,PER CHRISTENSEN,39
76514,STEVE CHRISTIANSEN,Q509061,CHRISTINA VIDAL,38
76514,STEVE CHRISTIANSEN,Q6834622,MICHAEL STEVENS,38
76514,STEVE CHRISTIANSEN,Q6932895,STEVE HAMILTON,38
76514,STEVE CHRISTIANSEN,Q42047199,VERA HANSEN,38
76514,STEVE CHRISTIANSEN,Q23695225,CHRISTIAN RIVERA,38
76514,STEVE CHRISTIANSEN,Q238425,CRISTINE ROSE,38
76514,STEVE CHRISTIANSEN,Q23888181,RALF CHRISTENSEN,38
76514,STEVE CHRISTIANSEN,Q68096357,CHRISTIAN LAROUCHE,38
76514,STEVE CHRISTIANSEN,Q2347318,STEVE STARKEY,38
76514,STEVE CHRISTIANSEN,Q4980447,CARRIE STEVENS,38
76514,STEVE CHRISTIANSEN,Q6960333,MORTEN STIG CHRISTENSEN,38
76514,STEVE CHRISTIANSEN,Q7613940,STEVE SIPEK,38
76514,STEVE CHRISTIANSEN,Q710534,CHRISTINE FAN,38
76514,STEVE CHRISTIANSEN,Q24007397,STEVE JOHNSON,38
76514,STEVE CHRISTIANSEN,Q1082428,CHRISTIAN ZIEWER,38
76514,STEVE CHRISTIANSEN,Q1083732,CHRISTINE OCKRENT,38
76514,STEVE CHRISTIANSEN,Q362687,STEVE CARDENAS,38
76514,STEVE CHRISTIANSEN,Q4953264,SIGNE HEIDE STEEN,38
76514,STEVE CHRISTIANSEN,Q3199780,KRISTIAN TRUELSEN,38
76514,STEVE CHRISTIANSEN,Q1115863,CHRISTIAN FREMONT,38
76514,STEVE CHRISTIANSEN,Q77294452,CHRISTIAN STORMS,38
76514,STEVE CHRISTIANSEN,Q1083613,CHRISTINE JEZIOR,38
76514,STEVE CHRISTIANSEN,Q360046,CHRISTIAN COULSON,38
76514,STEVE CHRISTIANSEN,Q1082076,CHRISTIAN THEEDE,38
76514,STEVE CHRISTIANSEN,Q4979175,CHRISTINE SKOU,38
76514,STEVE CHRISTIANSEN,Q1083730,CHRISTINE OESTERLEIN,38
76514,STEVE CHRISTIANSEN,Q274238,CHRISTINE DELAROCHE,38
76514,STEVE CHRISTIANSEN,Q669354,STEVE KOREN,38
76514,STEVE CHRISTIANSEN,Q12305902,CHRISTIAN DYEKJAER,38
76514,STEVE CHRISTIANSEN,Q5113284,CHRISTOPHER STONE,38
76514,STEVE CHRISTIANSEN,Q64678960,CHRISTIAN STELLA,38
76514,STEVE CHRISTIANSEN,Q38052529,MORTEN CHRISTENSEN,38
76514,STEVE CHRISTIANSEN,Q16734573,CHRISTIAN PITRE,38
76514,STEVE CHRISTIANSEN,Q33436947,THEIS MOLSTROM CHRISTENSEN,38
76514,STEVE CHRISTIANSEN,Q2965771,CHRISTIANE LACK,38
76514,STEVE CHRISTIANSEN,Q946791,STEVE SANDVOSS,38
76514,STEVE CHRISTIANSEN,Q861324,CHRISTIAN MEIER,38
76514,STEVE CHRISTIANSEN,Q520038,CHRISTINE JEFFS,38
76514,STEVE CHRISTIANSEN,Q1077772,CHRIS STEELE,38
76514,STEVE CHRISTIANSEN,Q513204,CATHERINE SERRE,38
76514,STEVE CHRISTIANSEN,Q21006464,CHRISNANNE WIEGEL,38
76514,STEVE CHRISTIANSEN,Q20987185,DANIEL CHRISTENSEN,38
76514,STEVE CHRISTIANSEN,Q522884,STEVE BRAUN,38
76514,STEVE CHRISTIANSEN,Q206647,HENNING CHRISTIANSEN,38
76514,STEVE CHRISTIANSEN,Q10313980,KATE HANSEN,38
76514,STEVE CHRISTIANSEN,Q16243835,DAVID CHRISTENSEN,38
76514,STEVE CHRISTIANSEN,Q11963710,CHRISTIAN STRAND,37
76514,STEVE CHRISTIANSEN,Q21684461,CHRISTIAN LELONG,37
76514,STEVE CHRISTIANSEN,Q1673648,ISABELLE STEVER,37
76514,STEVE CHRISTIANSEN,Q5110244,CHRISTIAN VINCENT,37
76514,STEVE CHRISTIANSEN,Q110136,CHRISTIANE KRUGER,37
76514,STEVE CHRISTIANSEN,Q5791545,CRISTINA DEL VALLE,37
76514,STEVE CHRISTIANSEN,Q21504184,CHRISTIAN LEHMANN,37
76514,STEVE CHRISTIANSEN,Q7613835,STEVE SAINT,37
76514,STEVE CHRISTIANSEN,Q18331677,SUZANNE CHRISTY,37
76514,STEVE CHRISTIANSEN,Q2965573,CHRISTIAN RAUTH,37
76514,STEVE CHRISTIANSEN,Q450030,CHRISTIANE KUBRICK,37
76514,STEVE CHRISTIANSEN,Q3141013,STEVE CHRISTIAN,37
76514,STEVE CHRISTIANSEN,Q4932065,BOB CHRISTIANSEN,37
76514,STEVE CHRISTIANSEN,Q101546,CHRISTINE LASZAR,37
76514,STEVE CHRISTIANSEN,Q1346808,HANS CHRISTIAN LUMBYE,37
76514,STEVE CHRISTIANSEN,Q1081259,CHRISTIAN NATHE,37
76514,STEVE CHRISTIANSEN,Q12301864,ANNE VOIGHT CHRISTIANSEN,37
76514,STEVE CHRISTIANSEN,Q1081014,CHRISTIAN MANON,37
76514,STEVE CHRISTIANSEN,Q38051161,CHRISTIAN HARTKOPP,37
76514,STEVE CHRISTIANSEN,Q512330,STEVE COHEN,37
76514,STEVE CHRISTIANSEN,Q12886205,CHRISTINA SYLVA,37
76514,STEVE CHRISTIANSEN,Q88572,CHRISTIANE NIELSEN,37
76514,STEVE CHRISTIANSEN,Q1081758,CHRISTIAN SCHMIDT,37
76514,STEVE CHRISTIANSEN,Q722842,CHRISTIAN KANE,37
76514,STEVE CHRISTIANSEN,Q1057878,GABRIELLE CHRISTIAN,36
76514,STEVE CHRISTIANSEN,Q1081387,CHRISTIAN PFANNENSCHMIDT,36
76514,STEVE CHRISTIANSEN,Q103283523,CHRISTIAN WERNER,36
76514,STEVE CHRISTIANSEN,Q7614909,STEVEN KENT AUSTIN,36
76514,STEVE CHRISTIANSEN,Q1081760,CHRISTIAN SCHMIDT,36
76514,STEVE CHRISTIANSEN,Q98001,CHRISTIAN WAGNER,36
76514,STEVE CHRISTIANSEN,Q86373,CHRISTEL PETERS,36
76514,STEVE CHRISTIANSEN,Q106376817,STEVEN KOSTANSKI,36
76514,STEVE CHRISTIANSEN,Q29575174,CHRISTIAN EHRICH,36
76514,STEVE CHRISTIANSEN,Q1082288,CHRISTIAN WEWERKA,36
76514,STEVE CHRISTIANSEN,Q84284,CHRISTIAN DOPPLER,36
76514,STEVE CHRISTIANSEN,Q1077361,CHRIS INNIS,36
76514,STEVE CHRISTIANSEN,Q1080576,CHRISTIAN KAYSSLER,36
76514,STEVE CHRISTIANSEN,Q1080122,CHRISTIAN HALTEN,36
76514,STEVE CHRISTIANSEN,Q1081433,CHRISTIAN POGATS,36
76514,STEVE CHRISTIANSEN,Q2033859,STEVE MASON,36
76514,STEVE CHRISTIANSEN,Q3675641,CHRISTIAN ERICKSON,36
76514,STEVE CHRISTIANSEN,Q176222,CHRISTINE KEELER,36
76514,STEVE CHRISTIANSEN,Q638096,CRISTIAN NEMESCU,36
76514,STEVE CHRISTIANSEN,Q15437946,NAT CHRISTIAN,36
76514,STEVE CHRISTIANSEN,Q62086874,CHRISTINE LEBEL,36
76514,STEVE CHRISTIANSEN,Q5197579,LENA CHRISTENSEN,36
76514,STEVE CHRISTIANSEN,Q52080217,MARIE-CHRISTINE QUESTERBERT,36
76514,STEVE CHRISTIANSEN,Q21902527,ARNE CHRISTIANSEN,36
76514,STEVE CHRISTIANSEN,Q21515034,CHRISTINA STOJANOVICH,36
76514,STEVE CHRISTIANSEN,Q38052694,POUL ERIK CHRISTIANSEN,36
76514,STEVE CHRISTIANSEN,Q21208147,CHRISTIAN GINEPRO,36
76514,STEVE CHRISTIANSEN,Q12343523,UFFE KRISTENSEN,36
76514,STEVE CHRISTIANSEN,Q21062770,CHRISTIAN STAMM,36
76514,STEVE CHRISTIANSEN,Q21005371,INGEBORG CHRISTIANSEN,36
76514,STEVE CHRISTIANSEN,Q18062224,CHRISTIAN MADSEN,36
76514,STEVE CHRISTIANSEN,Q18683300,CHRISTIAN SCHOCHER,36
76514,STEVE CHRISTIANSEN,Q19502118,CHRISTIAN SCHLUMPF,36
76514,STEVE CHRISTIANSEN,Q56402447,CHRISTIAN RUOTANEN,36
76514,STEVE CHRISTIANSEN,Q3817069,KRISTOFER STEEN,36
76514,STEVE CHRISTIANSEN,Q19979428,CHRISTIAN WIBE,36
76514,STEVE CHRISTIANSEN,Q7613806,STEVE ROSSI,36
76514,STEVE CHRISTIANSEN,Q100490028,CHRISTINA SCHAFFER,36
76514,STEVE CHRISTIANSEN,Q2347491,STEVEN CHRISTOPHER PARKER,36
76514,STEVE CHRISTIANSEN,Q11995503,PETRUS A. CHRISTENSEN,36
76514,STEVE CHRISTIANSEN,Q5109639,CHRISTIAN GEO HELTBOE,36
76514,STEVE CHRISTIANSEN,Q26820924,CHRISTIAN TUREAUD,36
76514,STEVE CHRISTIANSEN,Q1083559,CHRISTINE GORNER,36
76514,STEVE CHRISTIANSEN,Q1083660,CHRISTINE LAUTERBURG,36
76514,STEVE CHRISTIANSEN,Q10862211,CHRISTIAN SANCHO,36
76514,STEVE CHRISTIANSEN,Q7612189,STEVE CHAPIN,36
76514,STEVE CHRISTIANSEN,Q5110241,CHRISTIAN VASQUEZ,36
76514,STEVE CHRISTIANSEN,Q109774533,CHRISTINA PAPATIE,36
76514,STEVE CHRISTIANSEN,Q67920698,CRISTINA HUETE,36
76514,STEVE CHRISTIANSEN,Q7422183,SARAH CHRISTINE SMITH,36
76514,STEVE CHRISTIANSEN,Q24300201,CHRISTIAN LYRA,36
76514,STEVE CHRISTIANSEN,Q24059384,CHRISTINA CREVILLEN,36
76514,STEVE CHRISTIANSEN,Q12306289,CHRISTINA SEDERQVIST,36
76514,STEVE CHRISTIANSEN,Q12312559,FREDERIK CHRISTENSEN,36
76514,STEVE CHRISTIANSEN,Q41236408,SOREN CHRISTIANSEN,36
76514,STEVE CHRISTIANSEN,Q3311482,CHRISTINE FERNANDES,35
76514,STEVE CHRISTIANSEN,Q35979936,JENS CHRISTIAN TOP,35
76514,STEVE CHRISTIANSEN,Q2965941,CHRISTINE LELOUCH,35
76514,STEVE CHRISTIANSEN,Q35984996,CHRISTIAN ENGELSTOFT,35
76514,STEVE CHRISTIANSEN,Q38053745,SOREN MARTINSEN,35
76514,STEVE CHRISTIANSEN,Q38051168,CHRISTIAN NOBEL,35
76514,STEVE CHRISTIANSEN,Q2965542,CHRISTIAN PEYTHIEU,35
76514,STEVE CHRISTIANSEN,Q192094,STEVE HARRIS,35
76514,STEVE CHRISTIANSEN,Q7614407,STEVEN-CHARLES JAFFE,35
76514,STEVE CHRISTIANSEN,Q23663979,CHRISTIAN KEYES,35
76514,STEVE CHRISTIANSEN,Q6039169,CHRISTEN PEDERSEN,35
76514,STEVE CHRISTIANSEN,Q4568692,CHRISTIAN MAGDU,35
76514,STEVE CHRISTIANSEN,Q1877739,CHRIS TATES,35
76514,STEVE CHRISTIANSEN,Q6066272,IRA STEVEN BEHR,35
76514,STEVE CHRISTIANSEN,Q1081599,CHRISTIAN RODE,35
76514,STEVE CHRISTIANSEN,Q14436762,MICHAEL STEVENS,35
76514,STEVE CHRISTIANSEN,Q20090446,MARK B. CHRISTENSEN,35
76514,STEVE CHRISTIANSEN,Q13560374,LEIGH CHRISTIAN,35
76514,STEVE CHRISTIANSEN,Q55454282,CHRISTIAN DAVI,35
76514,STEVE CHRISTIANSEN,Q1301811,STEFAN HANSEN,35
76514,STEVE CHRISTIANSEN,Q125881,CHRISTINE ZIERL,35
76514,STEVE CHRISTIANSEN,Q229397,HELENA CHRISTENSEN,35
76514,STEVE CHRISTIANSEN,Q16063552,CHRISTIAN SONDERBY JEPSEN,35
76514,STEVE CHRISTIANSEN,Q1080021,CHRISTIAN GRASHOF,35
76514,STEVE CHRISTIANSEN,Q5112719,CHRISTOPHER LEE,35
76514,STEVE CHRISTIANSEN,Q5110082,CHRISTIAN RODSKA,35
76514,STEVE CHRISTIANSEN,Q5111018,CHRISTINE FINN,35
76514,STEVE CHRISTIANSEN,Q7612226,STEVE COCHRAN,35
76514,STEVE CHRISTIANSEN,Q108763,CHRISTINE WODETZKY,35
76514,STEVE CHRISTIANSEN,Q75507209,CHRISTINA VOIGT,35
76514,STEVE CHRISTIANSEN,Q5110012,CHRISTIAN PAUL,35
76514,STEVE CHRISTIANSEN,Q5110190,CHRISTIAN TESSIER,35
76514,STEVE CHRISTIANSEN,Q5857506,CHRISTIAN FEX,35
76514,STEVE CHRISTIANSEN,Q5111043,CHRISTINE HARGREAVES,35
76514,STEVE CHRISTIANSEN,Q11994461,OVE CHRISTIAN OWE,35
76514,STEVE CHRISTIANSEN,Q66771587,CHRISTIAN SERRITIELLO,34
76514,STEVE CHRISTIANSEN,Q126513,STEVE IRWIN,34
76514,STEVE CHRISTIANSEN,Q135303,CHRISTIAN GRENIER,34
76514,STEVE CHRISTIANSEN,Q12306005,CHRISTIAN HJEJLE,34
76514,STEVE CHRISTIANSEN,Q66816439,CHRISTIAN SESMA,34
76514,STEVE CHRISTIANSEN,Q12306324,CHRISTOFFER SVANE,34
76514,STEVE CHRISTIANSEN,Q15549880,CHRISTINE ZART,34
76514,STEVE CHRISTIANSEN,Q12306168,CHRISTIAN STEFFENSEN,34
76514,STEVE CHRISTIANSEN,Q6093128,CHRISTIAN SANDSTROM,34
76514,STEVE CHRISTIANSEN,Q1083748,CHRISTINE REEH,34
76514,STEVE CHRISTIANSEN,Q35984471,EMMA CHRISTIANSEN,34
76514,STEVE CHRISTIANSEN,Q3298124,STEVE PRESTWICH,34
76514,STEVE CHRISTIANSEN,Q1083637,CHRISTINE KRUGER,34
76514,STEVE CHRISTIANSEN,Q11995169,PER CHRISTIAN MAGNUS,34
76514,STEVE CHRISTIANSEN,Q84492068,CHRISTIAN SCHOLZ,34
76514,STEVE CHRISTIANSEN,Q5791600,CRISTIAN JIMENEZ,34
76514,STEVE CHRISTIANSEN,Q3499189,STEVEN BRAMSON,34
76514,STEVE CHRISTIANSEN,Q47117253,STEVEN A. GRASSE,34
76514,STEVE CHRISTIANSEN,Q105103223,CHRISTIAN STAVRAKIS,34
76514,STEVE CHRISTIANSEN,Q3435012,GYDA CHRISTENSEN,34
76514,STEVE CHRISTIANSEN,Q28062131,CRISTHIAN ESQUIVEL,34
76514,STEVE CHRISTIANSEN,Q5109609,CHRISTIAN FORTUNE,34
76514,STEVE CHRISTIANSEN,Q2411409,CHRIS VANDER STAPPEN,34
76514,STEVE CHRISTIANSEN,Q23889046,CHRISTIAN HAARDT,34
76514,STEVE CHRISTIANSEN,Q5111155,CHRISTINE RAYNER,34
76514,STEVE CHRISTIANSEN,Q23061835,CHRISTIAN KEREPESZKI,34
76514,STEVE CHRISTIANSEN,Q22344326,CHRISTIANE SERTILANGE,34
76514,STEVE CHRISTIANSEN,Q17385756,CHRISTINA ROSE,34
76514,STEVE CHRISTIANSEN,Q22276634,JENS CHRISTIAN GUNDERSEN,34
76514,STEVE CHRISTIANSEN,Q1080709,CHRISTIAN KUNERT,34
76514,STEVE CHRISTIANSEN,Q19828488,CHRISTIANE SCHMIDT,34
76514,STEVE CHRISTIANSEN,Q1778390,BAB CHRISTENSEN,34
76514,STEVE CHRISTIANSEN,Q33102147,SVEND JOHANSEN,34
76514,STEVE CHRISTIANSEN,Q38054670,RUNE NOHR CHRISTIANSEN,34
76514,STEVE CHRISTIANSEN,Q56205800,CHRISTINE GOURGUES,34
76514,STEVE CHRISTIANSEN,Q2090457,TOM KRISTENSEN,34
76514,STEVE CHRISTIANSEN,Q19760338,ESTEE CHANDLER,34
76514,STEVE CHRISTIANSEN,Q559086,CHRISTIAN MATRAS,34
76514,STEVE CHRISTIANSEN,Q80821545,STEVEN CHASMAN,33
76514,STEVE CHRISTIANSEN,Q89907,CHRISTINE OSTERMAYER,33
76514,STEVE CHRISTIANSEN,Q95767501,CHRISTIAN HERRENDOERFER,33
76514,STEVE CHRISTIANSEN,Q95804451,CHRISTIAN FERRY,33
76514,STEVE CHRISTIANSEN,Q3499249,STEVEN MICHAELS,33
76514,STEVE CHRISTIANSEN,Q89189377,STEVEN M. MARTIN,33
76514,STEVE CHRISTIANSEN,Q77844130,CHRISTINE PIREAUX,33
76514,STEVE CHRISTIANSEN,Q435227,CHRISTIANE ROCHEFORT,33
76514,STEVE CHRISTIANSEN,Q6063990,STEEN RASMUSSEN,33
76514,STEVE CHRISTIANSEN,Q6429842,KONSTA HIETANEN,33
76514,STEVE CHRISTIANSEN,Q3697470,CRISTIANO PASCA,33
76514,STEVE CHRISTIANSEN,Q61985196,CHRISTIAN LARRAVE,33
76514,STEVE CHRISTIANSEN,Q61054608,CHRISTINE ZAHN,33
76514,STEVE CHRISTIANSEN,Q56478277,NIELS CHRISTIAN OKSEN LYHNE,33
76514,STEVE CHRISTIANSEN,Q546304,CHRISTINE TUCCI,33
76514,STEVE CHRISTIANSEN,Q52937,CHRISTINA I OF SWEDEN,33
76514,STEVE CHRISTIANSEN,Q5112721,CHRISTOPHER LEE,33
76514,STEVE CHRISTIANSEN,Q40211825,RITA CHRISTIANI,33
76514,STEVE CHRISTIANSEN,Q4115622,LUCI CHRISTIAN,33
76514,STEVE CHRISTIANSEN,Q500787,CRISTIAN SANCHEZ,33
76514,STEVE CHRISTIANSEN,Q4983313,CHRISTINE TREMARCO,33
76514,STEVE CHRISTIANSEN,Q4845326,CHRISTINE PEPELYAN,33
76514,STEVE CHRISTIANSEN,Q48291016,CHRISTIAN STANGASSINGER,33
76514,STEVE CHRISTIANSEN,Q3498875,STEVE CARLSON,33
76514,STEVE CHRISTIANSEN,Q2965962,CHRISTINE OLIVIER,33
76514,STEVE CHRISTIANSEN,Q3479240,SERGE CHRISTIAENSSENS,33
76514,STEVE CHRISTIANSEN,Q12306097,CHRISTIAN MOSBAEK,33
76514,STEVE CHRISTIANSEN,Q28152937,CHRISTIAN TRIELOFF,33
76514,STEVE CHRISTIANSEN,Q2707974,RISE STEVENS,33
76514,STEVE CHRISTIANSEN,Q2965919,CHRISTINE FRANCOIS,33
76514,STEVE CHRISTIANSEN,Q20469503,CHRISTINE LUCAS,33
76514,STEVE CHRISTIANSEN,Q19655195,CHRISTIAN VINCENT,33
76514,STEVE CHRISTIANSEN,Q1861583,SIGURD CHRISTIANSEN,33
76514,STEVE CHRISTIANSEN,Q18548074,CRISTINA STAMATE,33
76514,STEVE CHRISTIANSEN,Q2965711,CHRISTIAN ZERBIB,33
76514,STEVE CHRISTIANSEN,Q1337988,STEVE COLLINS,33
76514,STEVE CHRISTIANSEN,Q30530525,CHRISTIAN DIOR,33
76514,STEVE CHRISTIANSEN,Q311007,STEVE MCCLAREN,33
76514,STEVE CHRISTIANSEN,Q12321959,KIRSTEN HERMANSEN,33
76514,STEVE CHRISTIANSEN,Q12321305,KAREN CHRISTENSEN,33
76514,STEVE CHRISTIANSEN,Q1458222,STEVE PARSONS,33
76514,STEVE CHRISTIANSEN,Q1080816,CHRISTIAN LERCH,33
76514,STEVE CHRISTIANSEN,Q1080819,CHRISTIAN LEX,33
76514,STEVE CHRISTIANSEN,Q1083572,CHRISTINE HARTMANN,33
76514,STEVE CHRISTIANSEN,Q3364467,CHRISTIAN MOLBECH,33
76514,STEVE CHRISTIANSEN,Q1081590,CHRISTIAN RISCHERT,33
76514,STEVE CHRISTIANSEN,Q107814914,KRISTIANS STROBLS,33
76514,STEVE CHRISTIANSEN,Q1082198,CHRISTIAN VOLKMANN,33
76514,STEVE CHRISTIANSEN,Q5109824,CHRISTIAN LARSON,32
76514,STEVE CHRISTIANSEN,Q2325177,CHRISTIAN HOFF,32
76514,STEVE CHRISTIANSEN,Q24659758,STEVE STANULIS,32
76514,STEVE CHRISTIANSEN,Q5110996,CHRISTINE DEVINE,32
76514,STEVE CHRISTIANSEN,Q5110723,CHRISTIEN TINSLEY,32
76514,STEVE CHRISTIANSEN,Q5110111,CHRISTIAN SCHOYEN,32
76514,STEVE CHRISTIANSEN,Q5110079,CHRISTIAN RIVERS,32
76514,STEVE CHRISTIANSEN,Q73162,CHRISTIAN DE LA MAZIERE,32
76514,STEVE CHRISTIANSEN,Q26692183,CHRISTIAN FIGUEIREDO,32
76514,STEVE CHRISTIANSEN,Q21517793,ROBERT CHRISTIAN,32
76514,STEVE CHRISTIANSEN,Q26906864,CHRISTOPHER STORER,32
76514,STEVE CHRISTIANSEN,Q27922508,MICHAEL CHRISTIAN,32
76514,STEVE CHRISTIANSEN,Q47461580,CHRISTIAN TOD,32
76514,STEVE CHRISTIANSEN,Q105637422,CY CHRISTIANSEN,32
76514,STEVE CHRISTIANSEN,Q283796,CHRISTINE MCVIE,32
76514,STEVE CHRISTIANSEN,Q2965289,CHRISTIAN GAUTIER,32
76514,STEVE CHRISTIANSEN,Q2965360,CHRISTIAN JEANPIERRE,32
76514,STEVE CHRISTIANSEN,Q26899805,STEVE SAYRE,32
76514,STEVE CHRISTIANSEN,Q5630471,CHRISTIAN EKLOW,32
76514,STEVE CHRISTIANSEN,Q12305917,CHRISTIAN ERIKSEN,32
76514,STEVE CHRISTIANSEN,Q66027296,TONY CHRISTIAN,32
76514,STEVE CHRISTIANSEN,Q12306124,CHRISTIAN POTALIVO,32
76514,STEVE CHRISTIANSEN,Q108333282,CHRISTIAN KESTEN,32
76514,STEVE CHRISTIANSEN,Q1083168,CHRISTINA HECKE,32
76514,STEVE CHRISTIANSEN,Q676562,HENRI CHRISTINE,32
76514,STEVE CHRISTIANSEN,Q1082673,CHRISTIANE GRAUTOFF,32
76514,STEVE CHRISTIANSEN,Q12337005,STEEN JORGENSEN,32
76514,STEVE CHRISTIANSEN,Q1272620,STEVE ANDERSON,32
76514,STEVE CHRISTIANSEN,Q1387741,PIERRE CHRISTIN,32
76514,STEVE CHRISTIANSEN,Q19502120,CHRISTIANA LEUCAS,32
76514,STEVE CHRISTIANSEN,Q6438193,KRISTIN SARGENT,32
76514,STEVE CHRISTIANSEN,Q808711,CHRISTINE MILTON,32
76514,STEVE CHRISTIANSEN,Q1532832,CHRISTIAN CLAUSEN,32
76514,STEVE CHRISTIANSEN,Q60831174,CHRISTIAN WATTON,32
76514,STEVE CHRISTIANSEN,Q175669,STIJN STREUVELS,32
76514,STEVE CHRISTIANSEN,Q85806,CHRISTIAN LINDNER,32
76514,STEVE CHRISTIANSEN,Q19277385,CHRISTIANE SEIDEL,32
76514,STEVE CHRISTIANSEN,Q42302658,CHRISTIAN JUL HANSEN,32
76514,STEVE CHRISTIANSEN,Q5767430,CHRISTIAN FERRER,32
76514,STEVE CHRISTIANSEN,Q3499182,STEVEN BERNSTEIN,32
76514,STEVE CHRISTIANSEN,Q3770374,GIUSEPPE CRISTIANO,32
76514,STEVE CHRISTIANSEN,Q38052388,IB CHRISTENSEN,32
76514,STEVE CHRISTIANSEN,Q2965759,CHRISTIANE DELYNE,32
76514,STEVE CHRISTIANSEN,Q3498912,STEVE DRAKE,32
76514,STEVE CHRISTIANSEN,Q55314439,CHRISTIAN TOBERENTZ,31
76514,STEVE CHRISTIANSEN,Q1082740,CHRISTIANE KONIG,31
76514,STEVE CHRISTIANSEN,Q438117,TOM KRISTENSEN,31
76514,STEVE CHRISTIANSEN,Q65115615,CHRISTIANE FATTORI,31
76514,STEVE CHRISTIANSEN,Q5608258,CHRISTIAN CHRISTENSEN,31
76514,STEVE CHRISTIANSEN,Q294501,STEVE MCMANAMAN,31
76514,STEVE CHRISTIANSEN,Q7615027,STEVEN MARTINI,31
76514,STEVE CHRISTIANSEN,Q4476057,CHRISTINE EDZARD,31
76514,STEVE CHRISTIANSEN,Q66317345,CHRISTIAN GOLUSDA,31
76514,STEVE CHRISTIANSEN,Q59388504,HARTMANN SEEBER,31
76514,STEVE CHRISTIANSEN,Q83169034,CHRISTIAN MARTIN,31
76514,STEVE CHRISTIANSEN,Q2919090,CRISTINA LLORENTE,31
76514,STEVE CHRISTIANSEN,Q283788,CHRISTINE MOORE,31
76514,STEVE CHRISTIANSEN,Q6829255,MICHAEL CHRISTIAN,31
76514,STEVE CHRISTIANSEN,Q76885572,CHRISTIAN VAZQUEZ,31
76514,STEVE CHRISTIANSEN,Q38471328,CHRISTIAN NIELSEN,31
76514,STEVE CHRISTIANSEN,Q50505938,CHRISTINE WEATHERUP,31
76514,STEVE CHRISTIANSEN,Q60448447,CRISTIAN GAMERO,31
76514,STEVE CHRISTIANSEN,Q24659682,CHRISTIAN FALCH,31
76514,STEVE CHRISTIANSEN,Q2965696,CHRISTIAN VOLCKMAN,31
76514,STEVE CHRISTIANSEN,Q7614032,STEVE STARK,31
76514,STEVE CHRISTIANSEN,Q2965621,CHRISTIAN SCHIARETTI,31
76514,STEVE CHRISTIANSEN,Q12315277,HANS CHRISTIAN SORENSEN,31
76514,STEVE CHRISTIANSEN,Q28865950,HANS CHRISTIAN POST,31
76514,STEVE CHRISTIANSEN,Q63922181,STEVE ANNIS,31
76514,STEVE CHRISTIANSEN,Q98755005,CHRISTIAN OLMTAK,31
76514,STEVE CHRISTIANSEN,Q98034210,CHRISTIAN GEHRING,31
76514,STEVE CHRISTIANSEN,Q2965780,CHRISTIANE MANDELYS,31
76514,STEVE CHRISTIANSEN,Q1079309,CHRISTIAN DOLEZAL,31
76514,STEVE CHRISTIANSEN,Q52554119,CHRISTINA VANDEKERCKHOVE,30
76514,STEVE CHRISTIANSEN,Q26884629,CHRISTIAN LAMPE,30
76514,STEVE CHRISTIANSEN,Q65142806,CHRISTIANE RORATO,30
76514,STEVE CHRISTIANSEN,Q26857976,CHRISTINE SEABROOK,30
76514,STEVE CHRISTIANSEN,Q26858753,STEVE DERELIAN,30
76514,STEVE CHRISTIANSEN,Q64851940,CHRISTIAN SARABIA,30
76514,STEVE CHRISTIANSEN,Q22262395,STEVIE SHAE,30
76514,STEVE CHRISTIANSEN,Q22281884,CHRISTINA LOVERY,30
76514,STEVE CHRISTIANSEN,Q2965918,CHRISTINE FERSEN,30
76514,STEVE CHRISTIANSEN,Q65115610,CHRISTIAN LEGARE,30
76514,STEVE CHRISTIANSEN,Q11963715,CHRISTIAN VENNEROD,30
76514,STEVE CHRISTIANSEN,Q1082749,CHRISTIANE LANZKE,30
76514,STEVE CHRISTIANSEN,Q15794193,CHRISTIAN GAUL,30
76514,STEVE CHRISTIANSEN,Q85785430,MIKE CHRISTIE,30
76514,STEVE CHRISTIANSEN,Q513125,MORVEN CHRISTIE,30
76514,STEVE CHRISTIANSEN,Q51124050,CHRISTINE OLSEN,30
76514,STEVE CHRISTIANSEN,Q5111217,CHRISTINE WELSH,30
76514,STEVE CHRISTIANSEN,Q63248288,STEVE SALE,30
76514,STEVE CHRISTIANSEN,Q2347269,STEVE RAINES,30
76514,STEVE CHRISTIANSEN,Q5111015,CHRISTINE FELLOWS,30
76514,STEVE CHRISTIANSEN,Q214042,CHRISTA WINSLOE,30
76514,STEVE CHRISTIANSEN,Q594947,MARK CHRISTIAN,30
76514,STEVE CHRISTIANSEN,Q95728413,CHRISTINE KIAUK,30
76514,STEVE CHRISTIANSEN,Q3675631,CHRISTIAN COPELIN,30
76514,STEVE CHRISTIANSEN,Q2965710,CHRISTIAN ZANESI,30
76514,STEVE CHRISTIANSEN,Q1081756,CHRISTIAN SCHMIDT,30
76514,STEVE CHRISTIANSEN,Q41730460,LARS NEPPER-CHRISTENSEN,30
76514,STEVE CHRISTIANSEN,Q7615199,STEVEN RINELLA,30
76514,STEVE CHRISTIANSEN,Q19841125,CHRISTA SAREDI,30
76514,STEVE CHRISTIANSEN,Q11979732,JORN CHRISTENSEN,30
76514,STEVE CHRISTIANSEN,Q7614689,STEVEN FECHTER,30
76514,STEVE CHRISTIANSEN,Q27303861,CHRISTINE VIENNA,30
76514,STEVE CHRISTIANSEN,Q302525,TERJE HAKONSEN,30
76514,STEVE CHRISTIANSEN,Q5601054,STEVE CALLAGHAN,30
76514,STEVE CHRISTIANSEN,Q106283916,CHRISTINA SOTTA,30
76514,STEVE CHRISTIANSEN,Q12331819,PHILIPPE CHRISTIANSEN,30
76514,STEVE CHRISTIANSEN,Q62473151,RUPERT CHRISTIE,30
76514,STEVE CHRISTIANSEN,Q2965838,CHRISTIANNE GOUT,30
76514,STEVE CHRISTIANSEN,Q2742655,ADRIANA ESTEVES,30
76514,STEVE CHRISTIANSEN,Q20685481,KRISTIAN SENSINI,30
76514,STEVE CHRISTIANSEN,Q95754790,CHRISTIANE BUGE,30
76514,STEVE CHRISTIANSEN,Q74583888,CRISTIAN ORTEGA,30
76514,STEVE CHRISTIANSEN,Q21294749,CHRISTIAN MARTAGUET,29
76514,STEVE CHRISTIANSEN,Q76946934,CHRISTIAN HETLAND JEPSEN,29
76514,STEVE CHRISTIANSEN,Q7615211,STEVEN ROSS,29
76514,STEVE CHRISTIANSEN,Q2442559,STEVE ALTEN,29
76514,STEVE CHRISTIANSEN,Q2965745,CHRISTIANE BOPP,29
76514,STEVE CHRISTIANSEN,Q62066234,RONNIE CHRISTENSEN,29
76514,STEVE CHRISTIANSEN,Q5111202,CHRISSY TEIGEN,29
76514,STEVE CHRISTIANSEN,Q55749837,CHRISTIAN KERMER,29
76514,STEVE CHRISTIANSEN,Q2965965,CHRISTINE OTT,29
76514,STEVE CHRISTIANSEN,Q371814,STEVE RACE,29
76514,STEVE CHRISTIANSEN,Q2965946,CHRISTINE LIPINSKA,29
76514,STEVE CHRISTIANSEN,Q1080958,CHRISTIAN LETE,29
76514,STEVE CHRISTIANSEN,Q21995409,J. CHRISTIAN JENSEN,29
76514,STEVE CHRISTIANSEN,Q88761456,CHRISTIAAN OLWAGEN,29
76514,STEVE CHRISTIANSEN,Q1081551,CHRISTIAN REITZ,29
76514,STEVE CHRISTIANSEN,Q55702825,CHRISTINE REPOND,29
76514,STEVE CHRISTIANSEN,Q7613327,STEVE MCFADDEN,29
76514,STEVE CHRISTIANSEN,Q2612869,STERRE HERSTEL,29
76514,STEVE CHRISTIANSEN,Q5111009,CHRISTINE EDWARDS,29
76514,STEVE CHRISTIANSEN,Q1284260,STEVAN HRISTIC,29
76514,STEVE CHRISTIANSEN,Q28086236,CHRISTINE KO,29
76514,STEVE CHRISTIANSEN,Q66083,CHRISTIAN REITZ,29
76514,STEVE CHRISTIANSEN,Q95808193,PETER CHRISTELIS,29
76514,STEVE CHRISTIANSEN,Q96603,UTE CHRISTENSEN,29
76514,STEVE CHRISTIANSEN,Q1061866,CHRISTIAN SUGIONO,29
76514,STEVE CHRISTIANSEN,Q27902890,CHRISTIAN MAELEN,29
76514,STEVE CHRISTIANSEN,Q106896879,CHRISTIANE WALLENHAUER,29
76514,STEVE CHRISTIANSEN,Q65969254,NATALIE CRISTIANI,29
76514,STEVE CHRISTIANSEN,Q38054421,CHRISTIAN VIUM,29
76514,STEVE CHRISTIANSEN,Q2965970,CHRISTINE ORBAN,29
76514,STEVE CHRISTIANSEN,Q42881531,CHRISTIANE DOR,29
76514,STEVE CHRISTIANSEN,Q3291624,MARIE-CHRISTIANE MAREK,29
76514,STEVE CHRISTIANSEN,Q41963275,SEVERI SAARINEN,29
76514,STEVE CHRISTIANSEN,Q2965519,CHRISTIAN OSTER,29
76514,STEVE CHRISTIANSEN,Q41743395,FLEMMING CHRISTIAN KLEM,29
76514,STEVE CHRISTIANSEN,Q12306296,CHRISTINE EXNER,29
76514,STEVE CHRISTIANSEN,Q1083827,CHRISTINE URSPRUCH,29
76514,STEVE CHRISTIANSEN,Q91901619,STEVEN STAVAST,29
76514,STEVE CHRISTIANSEN,Q1083601,CHRISTINE HOPPE,29
76514,STEVE CHRISTIANSEN,Q72812769,CHRISTIAN WAGNER,29
76514,STEVE CHRISTIANSEN,Q71818658,CHRISTIAN RYLTENIUS,29
76514,STEVE CHRISTIANSEN,Q2965911,CHRISTINE DORY,28
76514,STEVE CHRISTIANSEN,Q5111016,CHRISTINE FETZER,28
76514,STEVE CHRISTIANSEN,Q84171728,CHRISTIANE SCHMERL,28
76514,STEVE CHRISTIANSEN,Q4396456,CRISTINA ROSATO,28
76514,STEVE CHRISTIANSEN,Q2965421,CHRISTIAN LETARGAT,28
76514,STEVE CHRISTIANSEN,Q5387570,ERIC STEVEN STAHL,28
76514,STEVE CHRISTIANSEN,Q72882100,CHRISTINE POKER,28
76514,STEVE CHRISTIANSEN,Q21401929,STEVE SHEMAYNE,28
76514,STEVE CHRISTIANSEN,Q95279213,CHRISTIAN HEYNEN,28
76514,STEVE CHRISTIANSEN,Q1079766,CHRISTIAN FUTTERKNECHT,28
76514,STEVE CHRISTIANSEN,Q85990666,DEVEN CHRISTIANDI PUTRA,28
76514,STEVE CHRISTIANSEN,Q64682475,CHRISTINA PIOVESAN,28
76514,STEVE CHRISTIANSEN,Q2677094,STEVEN HARTLEY,28
76514,STEVE CHRISTIANSEN,Q7611794,STEVE ANDERSON,28
76514,STEVE CHRISTIANSEN,Q15794274,CHRISTIANE KALSS,28
76514,STEVE CHRISTIANSEN,Q6375520,KATE HANSEN,28
76514,STEVE CHRISTIANSEN,Q2512703,TOMMIE CHRISTIAAN,28
76514,STEVE CHRISTIANSEN,Q15794221,CHRISTIAN LERCH,28
76514,STEVE CHRISTIANSEN,Q2965293,CHRISTIAN GAITCH,27
76514,STEVE CHRISTIANSEN,Q7614021,STEVE STABLER,27
76514,STEVE CHRISTIANSEN,Q2344578,STEPHEN C. HARRISON,27
76514,STEVE CHRISTIANSEN,Q23062200,KAI CHRISTIANSEN,27
76514,STEVE CHRISTIANSEN,Q4310494,CHRISTIAN MORK,27
76514,STEVE CHRISTIANSEN,Q5111006,CHRISTINE EADS,27
76514,STEVE CHRISTIANSEN,Q2965401,CHRISTIAN LARA,27
76514,STEVE CHRISTIANSEN,Q562448,CHRIS HANSEN,27
76514,STEVE CHRISTIANSEN,Q33437314,SOREN OLE CHRISTENSEN,27
76514,STEVE CHRISTIANSEN,Q5186372,CRISTINA OTERO,27
76514,STEVE CHRISTIANSEN,Q55956299,CHRISTABEL EKEH,27
76514,STEVE CHRISTIANSEN,Q106266019,STEVE RACE,27
76514,STEVE CHRISTIANSEN,Q3675747,CHRISTINA MOSER,27
76514,STEVE CHRISTIANSEN,Q93652,CHRISTINE NOSTLINGER,27
76514,STEVE CHRISTIANSEN,Q28147332,CRISTIAN SALGUERO,27
76514,STEVE CHRISTIANSEN,Q20819240,CHRISTINA ROSENBERG,27
76514,STEVE CHRISTIANSEN,Q55449303,CHRISTINA TOTH,27
76514,STEVE CHRISTIANSEN,Q65119559,CHRISTIAN FORGET,27
76514,STEVE CHRISTIANSEN,Q27039204,CHRIS MORTENSEN,27
76514,STEVE CHRISTIANSEN,Q12340876,VIBEKE THORDAL-CHRISTENSEN,26
76514,STEVE CHRISTIANSEN,Q3675708,CHRISTIAN STELLUTI,26
76514,STEVE CHRISTIANSEN,Q6234253,CHRISTJAN WEGNER,26
76514,STEVE CHRISTIANSEN,Q1082420,CHRISTIAN ZEHNDER,26
76514,STEVE CHRISTIANSEN,Q155687,CHRISTIAN LORENZ,26
76514,STEVE CHRISTIANSEN,Q12306150,CHRISTIAN SARVIG,26
76514,STEVE CHRISTIANSEN,Q4966976,CHRISTINE MELTZER,26
76514,STEVE CHRISTIANSEN,Q569072,YVES CHRISTIAN FOURNIER,26
76514,STEVE CHRISTIANSEN,Q2540,CHRISTIAN WULFF,26
76514,STEVE CHRISTIANSEN,Q5110081,CHRISTIAN ROBERTS,26
76514,STEVE CHRISTIANSEN,Q39141249,CHRISTINE HERMANSEN,26
76514,STEVE CHRISTIANSEN,Q2346903,STEVE COLLINS,26
76514,STEVE CHRISTIANSEN,Q5271577,DIANE STEVENETT,26
76514,STEVE CHRISTIANSEN,Q25634047,CHRISTIANA CINN,25
76514,STEVE CHRISTIANSEN,Q29345493,CHRISTIAN LEE NAVARRO,25
76514,STEVE CHRISTIANSEN,Q60836324,CHRISTIAN LEJALE,25
76514,STEVE CHRISTIANSEN,Q35980251,HANS CHRISTENSEN,25
76514,STEVE CHRISTIANSEN,Q95803980,KRISTIAN PETERSEN,25
76514,STEVE CHRISTIANSEN,Q2965932,CHRISTINE JANIN,25
76514,STEVE CHRISTIANSEN,Q2131013,TIM CHRISTENSEN,25
76514,STEVE CHRISTIANSEN,Q95869620,STEVE CHRISTIAN,25
76514,STEVE CHRISTIANSEN,Q2396279,STEVE RYAN,25
76514,STEVE CHRISTIANSEN,Q690172,CHRISTIAN MEYER,25
76514,STEVE CHRISTIANSEN,Q15819659,CHRISTIAN STEIFFEN,25
76514,STEVE CHRISTIANSEN,Q65119562,CHRISTIAN PFOHL,25
76514,STEVE CHRISTIANSEN,Q65115617,CHRISTINE DENAULT,25
76514,STEVE CHRISTIANSEN,Q13102114,CHRISTIAN NEUMAN,25
76514,STEVE CHRISTIANSEN,Q711926,STEVE ERICKSON,25
76514,STEVE CHRISTIANSEN,Q26272221,CHRISTIAN NICKEL,25
76514,STEVE CHRISTIANSEN,Q28154593,CHRISTINA SCHIEWE,24
76514,STEVE CHRISTIANSEN,Q5111184,CHRISTINE SOLOMON,24
76514,STEVE CHRISTIANSEN,Q65229561,CHRISTIAN LUND,24
76514,STEVE CHRISTIANSEN,Q1441622,STEVEN MERTING,24
76514,STEVE CHRISTIANSEN,Q1927159,MICHAEL CHRISTIAN,24
76514,STEVE CHRISTIANSEN,Q123242,CHRISTIAN KRACHT,24
76514,STEVE CHRISTIANSEN,Q3246978,B. S. CHRISTIANSEN,24
76514,STEVE CHRISTIANSEN,Q59590846,CHRISTIAN NATTER,24
76514,STEVE CHRISTIANSEN,Q686578,CHRISTIAN SPRENGER,24
76514,STEVE CHRISTIANSEN,Q20243299,FINN CHRISTOPH STROEKS,24
76514,STEVE CHRISTIANSEN,Q2965713,CHRISTIAN ZUBER,24
76514,STEVE CHRISTIANSEN,Q16150272,STEVE ANDERSON,24
76514,STEVE CHRISTIANSEN,Q5608562,THOR CHRISTIERNSSON,24
76514,STEVE CHRISTIANSEN,Q82020087,CHRISTIAN SCHAFER,24
76514,STEVE CHRISTIANSEN,Q2965724,CHRISTIAN DE MONTELLA,24
76514,STEVE CHRISTIANSEN,Q12306056,CHRISTIAN LEMMERZ,24
76514,STEVE CHRISTIANSEN,Q4245558,CHRISTINE QUINN,23
76514,STEVE CHRISTIANSEN,Q38054667,ULLA CHRISTINA HANSEN,23
76514,STEVE CHRISTIANSEN,Q3498844,STEVE ATKINSON,23
76514,STEVE CHRISTIANSEN,Q22662502,STEVE COHEN,23
76514,STEVE CHRISTIANSEN,Q38053715,PER KRISTENSEN,23
76514,STEVE CHRISTIANSEN,Q5111175,CHRISTINE SHIN,23
76514,STEVE CHRISTIANSEN,Q3498922,STEVE FISET,22
76514,STEVE CHRISTIANSEN,Q72889764,CHRISTIANA HAMSON,22
76514,STEVE CHRISTIANSEN,Q429084,STEVE PAYNE,22
76514,STEVE CHRISTIANSEN,Q2000598,STEVEN CURTIS CHAPMAN,22
76514,STEVE CHRISTIANSEN,Q26505668,CHRISTIAN PANIER,22
76514,STEVE CHRISTIANSEN,Q7614019,STEVE SPRINGER,22
76514,STEVE CHRISTIANSEN,Q70730093,CHRISTINE GARNER,22
76514,STEVE CHRISTIANSEN,Q88347763,CHRISTIAN PERRONNE,21
76514,STEVE CHRISTIANSEN,Q52603654,CHRISTINE LEBOUTTE,21
76514,STEVE CHRISTIANSEN,Q15794185,CHRISTIAN FEIST,21
76514,STEVE CHRISTIANSEN,Q1083310,CHRISTINA WAYNE,21
76514,STEVE CHRISTIANSEN,Q32000269,CHRISTINE FRANTZ,21
76514,STEVE CHRISTIANSEN,Q5109543,CHRISTIAN DORSEY,21
76514,STEVE CHRISTIANSEN,Q5109565,CHRISTIAN EGGEN,21
76514,STEVE CHRISTIANSEN,Q26831274,CHRISTIAN SCHULTZ,21
76514,STEVE CHRISTIANSEN,Q75507429,HASSE CHRISTENSEN,21
76514,STEVE CHRISTIANSEN,Q95232722,CRISTIAN TARNOVETCHI,20
76514,STEVE CHRISTIANSEN,Q108935476,FILIP CHRISTENSEN,20
76514,STEVE CHRISTIANSEN,Q20016471,CRISTIAN PAULS,20
76514,STEVE CHRISTIANSEN,Q99210847,CHRISTIAN WHITE,20
76514,STEVE CHRISTIANSEN,Q52181075,CHRISTINE LEUNENS,19
76514,STEVE CHRISTIANSEN,Q104512198,CHRISTIAN RANK,19
76514,STEVE CHRISTIANSEN,Q107232822,CHRISTIAN JADAH,19
76514,STEVE CHRISTIANSEN,Q556094,CHRISTIAN KELLER,19
76514,STEVE CHRISTIANSEN,Q24760207,OLE KRISTIANSEN,19
76514,STEVE CHRISTIANSEN,Q39141287,CHRISTINE CRONE,18
76514,STEVE CHRISTIANSEN,Q1081922,CHRISTIAN SIMON,18
76514,STEVE CHRISTIANSEN,Q95348681,CHRISTIAN RATEUKE,18
76514,STEVE CHRISTIANSEN,Q334200,CHRISTIAN KROHG,18
76514,STEVE CHRISTIANSEN,Q57986299,CHRISTIAN LE HEMONET,17
76514,STEVE CHRISTIANSEN,Q108941290,CHRISTIAN NILSSON,17
76514,STEVE CHRISTIANSEN,Q2965444,CHRISTIAN MAES,17
76514,STEVE CHRISTIANSEN,Q66779642,CHRISTIAN DARREL SCOTT,17
76514,STEVE CHRISTIANSEN,Q60709427,CHRISTINE KNISPEL,16
76514,STEVE CHRISTIANSEN,Q38054069,DAVID RENE CHRISTENSEN,16
76514,STEVE CHRISTIANSEN,Q3476189,SCOTT CHRISTIAN,15
76514,STEVE CHRISTIANSEN,Q5110087,CHRISTIAN RUDDER,15
76514,STEVE CHRISTIANSEN,Q5110187,CHRISTIAN TAYLOR,14
76514,STEVE CHRISTIANSEN,Q62067,GERDA CHRISTIAN,14
76514,STEVE CHRISTIANSEN,Q11855290,CHRISTIAN LOLLIKE,14
76514,STEVE CHRISTIANSEN,Q1081524,CHRISTIAN REDL,14
76514,STEVE CHRISTIANSEN,Q7613161,STEVE LINDSEY,13
76514,STEVE CHRISTIANSEN,Q3973335,STEVE FRANKS,13
76514,STEVE CHRISTIANSEN,Q106756159,CAM CHRISTIANSEN,11
76514,STEVE CHRISTIANSEN,Q29014979,TRINE PIIL CHRISTENSEN,8
76514,STEVE CHRISTIANSEN,Q38402919,ARTHUR CHRISTIANSEN,8
76514,STEVE CHRISTIANSEN,Q24740618,CHRISTIAN ZIPFEL,0
76514,STEVE CHRISTIANSEN,Q25423646,CHRISTIAN WIEGE,0
76514,STEVE CHRISTIANSEN,Q92448618,CRISTINA ESTEBAN,0
76514,STEVE CHRISTIANSEN,Q1079457,CHRISTIAN ESSER,0
76514,STEVE CHRISTIANSEN,Q5110138,CHRISTIAN SKEEL,0
76514,STEVE CHRISTIANSEN,Q38054742,TOKE GADE CRONE KRISTIANSEN,0
76514,STEVE CHRISTIANSEN,Q1080465,CHRISTIAN JELTSCH,0
76514,STEVE CHRISTIANSEN,Q1078153,CHRISTA OENICKE,0
76514,STEVE CHRISTIANSEN,Q38054918,CHRISTIAN SCHOU,0
76514,STEVE CHRISTIANSEN,Q50482582,CHRISTIAN KLEMKE,0
76514,STEVE CHRISTIANSEN,Q95205824,CHRISTINE GROSS,0
76514,STEVE CHRISTIANSEN,Q95207858,CHRISTIANE VOSS,0
76514,STEVE CHRISTIANSEN,Q95217893,STEVE DOSCHNER,0
76514,STEVE CHRISTIANSEN,Q1080068,CHRISTIAN GORLITZ,0
76514,STEVE CHRISTIANSEN,Q12306213,CHRISTIAN VIBE,0
76514,STEVE CHRISTIANSEN,Q38055004,CHRISTIAN FONNESBECH,0
76514,STEVE CHRISTIANSEN,Q1081099,CHRISTIAN MERTENS,0
76514,STEVE CHRISTIANSEN,Q1081477,CHRISTIAN POVEDA,0
76514,STEVE CHRISTIANSEN,Q1081165,CHRISTIAN MRASEK,0
76514,STEVE CHRISTIANSEN,Q85673,CHRISTINA PLATE,0
76514,STEVE CHRISTIANSEN,Q22997820,CHRISTIAN KNOPFLE,0
76514,STEVE CHRISTIANSEN,Q23059306,CHRISTINE NAGEL,0
76514,STEVE CHRISTIANSEN,Q5163873,CONSTANTINO ESTEVES,0
76514,STEVE CHRISTIANSEN,Q38052624,GEORG CHRISTENSEN,0
76514,STEVE CHRISTIANSEN,Q1080540,CHRISTIAN K. SCHAEFFER,0
76514,STEVE CHRISTIANSEN,Q23453185,CHRISTIANE SCHMIED,0
76514,STEVE CHRISTIANSEN,Q2965931,CHRISTINE HAAS,0
76514,STEVE CHRISTIANSEN,Q3498920,STEVE EVANS,0
76514,STEVE CHRISTIANSEN,Q88691735,CHRISTINA RAMSAUER,0
76514,STEVE CHRISTIANSEN,Q24705369,CHRISTIAN REMOLI,0
76514,STEVE CHRISTIANSEN,Q1080780,CHRISTIAN LEHMANN,0
76514,STEVE CHRISTIANSEN,Q5046999,CARSTEN JUSTE,0
76514,STEVE CHRISTIANSEN,Q95321469,CHRISTIAN KLEMKE,0
76514,STEVE CHRISTIANSEN,Q27051133,CHRISTIAN LAURENCE,0
76514,STEVE CHRISTIANSEN,Q45102,CHRISTIAN UDE,0
76514,STEVE CHRISTIANSEN,Q2965675,CHRISTIAN VEBEL,0
76514,STEVE CHRISTIANSEN,Q2965476,CHRISTIAN MESNIL,0
76514,STEVE CHRISTIANSEN,Q98435820,MERETE CHRISTOFFERSEN,0
76514,STEVE CHRISTIANSEN,Q98435725,TOLVER CHRISTENSEN,0
76514,STEVE CHRISTIANSEN,Q98224006,SVERRE H. KRISTENSEN,0
76514,STEVE CHRISTIANSEN,Q98223609,CHRISTIAN HAAHR JENSEN,0
76514,STEVE CHRISTIANSEN,Q98223558,TERESE HARTMANN,0
76514,STEVE CHRISTIANSEN,Q98223550,ANNA STEEN HANSEN,0
76514,STEVE CHRISTIANSEN,Q98136448,CHRISTIAN TARP JENSEN,0
76514,STEVE CHRISTIANSEN,Q42047288,MORTEN CHRISTENSEN,0
76514,STEVE CHRISTIANSEN,Q2965472,CHRISTIAN MERLHIOT,0
76514,STEVE CHRISTIANSEN,Q43847587,CHRISTINA HEECK,0
76514,STEVE CHRISTIANSEN,Q2941867,CATHERINE DASTE,0
76514,STEVE CHRISTIANSEN,Q29025442,CHRISTIAN L. LARSEN,0
76514,STEVE CHRISTIANSEN,Q12315268,HANS CHRISTIAN HOIER,0
76514,STEVE CHRISTIANSEN,Q106712683,CHRISTIAN JENTZSCH,0
76514,STEVE CHRISTIANSEN,Q106714370,CHRISTIAN ROST,0
76514,STEVE CHRISTIANSEN,Q284171,INGER CHRISTENSEN,0
76514,STEVE CHRISTIANSEN,Q95869057,CHRISTIAN HOLZFUSS,0
76514,STEVE CHRISTIANSEN,Q46992411,CHRISTIAN TWENTE,0
76514,STEVE CHRISTIANSEN,Q106714451,CHRISTIAN SCHUMACHER,0
76514,STEVE CHRISTIANSEN,Q95782172,WALTER CHRISTIAN,0
76514,STEVE CHRISTIANSEN,Q4942858,TILLEY CHRISTIANSEN,0
76514,STEVE CHRISTIANSEN,Q38055087,CARSTEN SOSTED,0
76514,STEVE CHRISTIANSEN,Q95706476,CHRISTA KEMNITZ,0
76514,STEVE CHRISTIANSEN,Q95685651,CHRISTINE NEONA,0
76514,STEVE CHRISTIANSEN,Q95684053,CRISTINA TREBBI,0
76514,STEVE CHRISTIANSEN,Q27056979,CHRISTINE TOURNADRE,0
76514,STEVE CHRISTIANSEN,Q2150277,VINCENT CROISET,0
76514,STEVE CHRISTIANSEN,Q21007694,CHRISTIAN ROTH,0
76514,STEVE CHRISTIANSEN,Q2965942,CHRISTINE LEMLER,0
76514,STEVE CHRISTIANSEN,Q15069937,CHRISTIAN DURA,0
76514,STEVE CHRISTIANSEN,Q6169301,CHRISTIAN SCHRODER,0
76514,STEVE CHRISTIANSEN,Q1082805,CHRISTIANE RUFF,0
76514,STEVE CHRISTIANSEN,Q3543900,TEDDY KRISTIANSEN,0
76514,STEVE CHRISTIANSEN,Q1578975,HANS CHRISTIAN,0
76514,STEVE CHRISTIANSEN,Q35979619,STEEN B. JOHANSEN,0
76514,STEVE CHRISTIANSEN,Q33196075,LARS CHRISTIANSEN,0
76514,STEVE CHRISTIANSEN,Q61992069,CHRISTINE CROKOS,0
76514,STEVE CHRISTIANSEN,Q62535052,CHRISTIAN STEINKE,0
76514,STEVE CHRISTIANSEN,Q2965975,CHRISTINE PARIS,0
76514,STEVE CHRISTIANSEN,Q1083741,CHRISTINE PROBER,0
76514,STEVE CHRISTIANSEN,Q15229299,CHRISTIAN PAUREILHE,0
76514,STEVE CHRISTIANSEN,Q1083844,CHRISTINE WIEDERKEHR,0
76514,STEVE CHRISTIANSEN,Q1085933,CHRISTOPH STIEFEL,0
76514,STEVE CHRISTIANSEN,Q108654,CHRISTIANE SADLO,0
76514,STEVE CHRISTIANSEN,Q63857268,CHRISTOS GIANNARIS,0
76514,STEVE CHRISTIANSEN,Q55818674,CHRISTIAN VOGEL,0
76514,STEVE CHRISTIANSEN,Q2965979,CHRISTINE REVERHO,0
76514,STEVE CHRISTIANSEN,Q3675727,CHRISTIANE FILANGIERI,0
76514,STEVE CHRISTIANSEN,Q64692316,CHRISTINA SELDEN,0
76514,STEVE CHRISTIANSEN,Q75353812,CHRISTIANE MUCKENBERGER,0
76514,STEVE CHRISTIANSEN,Q65032319,CHRISTIAN LARAMEE,0
76514,STEVE CHRISTIANSEN,Q2966002,CHRISTINE VAN DE PUTTE,0
76514,STEVE CHRISTIANSEN,Q12331498,PETER CHRISTENSEN,0
76514,STEVE CHRISTIANSEN,Q11982074,KRISTIAN STANGEBYE,0
76514,STEVE CHRISTIANSEN,Q30727754,CHRISTIAN DOR,0
76514,STEVE CHRISTIANSEN,Q33001931,CHRISTIAN WEISENBORN,0
76514,STEVE CHRISTIANSEN,Q12305954,CHRISTIAN FRIEDLANDER,0
76514,STEVE CHRISTIANSEN,Q12326948,MICHAEL KRISTIANSEN,0
76514,STEVE CHRISTIANSEN,Q35986044,ELISABETH CHRISTENSEN,0
76514,STEVE CHRISTIANSEN,Q12316747,HILDA CHRISTIANSEN,0
76514,STEVE CHRISTIANSEN,Q1579002,HANS CHRISTOF STENZEL,0
76514,STEVE CHRISTIANSEN,Q15794265,CHRISTIAN ZIERHOFER,0
76514,STEVE CHRISTIANSEN,Q1082798,CHRISTIANE REIFF,0
76514,STEVE CHRISTIANSEN,Q5965499,CHRISTIAN LUND,0
76514,STEVE CHRISTIANSEN,Q5608579,WALTER CHRISTMAS,0
76514,STEVE CHRISTIANSEN,Q56166052,CHRISTIAN PIERRE,0
76514,STEVE CHRISTIANSEN,Q33436794,CHRISTIAN PETERSEN,0
76514,STEVE CHRISTIANSEN,Q5650871,CHRISTIAN THORSEN,0
76514,STEVE CHRISTIANSEN,Q1081778,CHRISTIAN SCHNEIDER,0
76514,STEVE CHRISTIANSEN,Q56807411,CHRISTIAN GRAMSTADT,0
76514,STEVE CHRISTIANSEN,Q1081934,CHRISTIAN SOMMERHALDER,0
76514,STEVE CHRISTIANSEN,Q1081974,CHRISTIAN STAHL,0
76514,STEVE CHRISTIANSEN,Q1082038,CHRISTIAN STUCKI,0
76514,STEVE CHRISTIANSEN,Q57082197,CHRISTINE JIRKU,0
76514,STEVE CHRISTIANSEN,Q76937217,IB CHRISTIANSEN,0
76514,STEVE CHRISTIANSEN,Q33436714,JOHAN CHRISTENSEN,0
76514,STEVE CHRISTIANSEN,Q5767457,CHRISTIAN KORUK,0
76514,STEVE CHRISTIANSEN,Q37494204,CHRISTIAN KUNTZ,0
76514,STEVE CHRISTIANSEN,Q76454275,CHRISTIAN EINSHOJ,0
76514,STEVE CHRISTIANSEN,Q76454193,THOMAS KVIST CHRISTIANSEN,0
76514,STEVE CHRISTIANSEN,Q76454191,PETER KVIST CHRISTIANSEN,0
76514,STEVE CHRISTIANSEN,Q76454170,JANNE CHRISTENSEN,0
76514,STEVE CHRISTIANSEN,Q76448817,SOREN CHRISTENSEN,0
76514,STEVE CHRISTIANSEN,Q76448762,MARGOT CHRISTENSEN,0
76514,STEVE CHRISTIANSEN,Q76370652,KAJ CHRISTENSEN,0
76514,STEVE CHRISTIANSEN,Q76370560,CHRISTIAN HJORTH-CLAUSEN,0
76514,STEVE CHRISTIANSEN,Q37493492,CHRISTIAN VORTING,0
76514,STEVE CHRISTIANSEN,Q5791392,CRISTIAN SANCHEZ,0
76514,STEVE CHRISTIANSEN,Q17106785,URSULA REUTER CHRISTIANSEN,0
76514,STEVE CHRISTIANSEN,Q17096644,SVEN HENRIKSEN,0
76514,STEVE CHRISTIANSEN,Q1082726,CHRISTIANE KOHL,0
76514,STEVE CHRISTIANSEN,Q58349880,JANCO CHRISTIANSEN,0
76514,STEVE CHRISTIANSEN,Q5923361,LARS KRISTIANSSON,0
76514,STEVE CHRISTIANSEN,Q99373594,THEO CHRISTINE,0
