acmi_id,acmi_name,wikidata_id,wikidata_name,match
74257,CHRIS GALLAGHER,Q15794136,CHRIS GILL,54
74257,CHRIS GALLAGHER,Q2926038,BRONAGH GALLAGHER,53
74257,CHRIS GALLAGHER,Q1077635,CHRIS PARNELL,52
74257,CHRIS GALLAGHER,Q977975,WALTER CHIARI,52
74257,CHRIS GALLAGHER,Q730943,CHARLES HALLAHAN,51
74257,CHRIS GALLAGHER,Q708059,CHRIS ELLIS,49
74257,CHRIS GALLAGHER,Q1085574,CHRISTOPH MULLER,48
74257,CHRIS GALLAGHER,Q2959207,CHARLES GILLIBERT,48
74257,CHRIS GALLAGHER,Q110982,CHRISTA LINDER,48
74257,CHRIS GALLAGHER,Q3675494,CHRIS GORAK,48
74257,CHRIS GALLAGHER,Q12305980,CHRISTIAN GRONVALL,47
74257,CHRIS GALLAGHER,Q313009,CHRIS ISAAK,47
74257,CHRIS GALLAGHER,Q310692,CHRISTIAN CLAVIER,47
74257,CHRIS GALLAGHER,Q440348,CHRISTA THERET,47
74257,CHRIS GALLAGHER,Q377058,CHRISTOPH MULLER,47
74257,CHRIS GALLAGHER,Q2966587,CHRISTOPHER GABLE,46
74257,CHRIS GALLAGHER,Q16571322,GERARDO CHIARELLA,45
74257,CHRIS GALLAGHER,Q310060,CRISPIN GLOVER,45
74257,CHRIS GALLAGHER,Q2042,CHARLES DE GAULLE,45
74257,CHRIS GALLAGHER,Q204590,CHRISTIAN SLATER,45
74257,CHRIS GALLAGHER,Q8971970,CHRIS HUANG,44
74257,CHRIS GALLAGHER,Q1082213,CHRISTIAN WAGNER,44
74257,CHRIS GALLAGHER,Q185655,CHRIS WEDGE,44
74257,CHRIS GALLAGHER,Q1140135,CRIS HUERTA,44
74257,CHRIS GALLAGHER,Q630863,CHRIS EGAN,44
74257,CHRIS GALLAGHER,Q1042923,CARLOS GALLARDO,44
74257,CHRIS GALLAGHER,Q2965788,CHRISTIANE MULLER,44
74257,CHRIS GALLAGHER,Q943390,CLU GULAGER,44
74257,CHRIS GALLAGHER,Q13638984,CHRIS MILLER,44
74257,CHRIS GALLAGHER,Q948687,CHRIS MATTHEWS,43
74257,CHRIS GALLAGHER,Q283700,CHRIS MILLER,43
74257,CHRIS GALLAGHER,Q2964812,CHRIS NAHON,43
74257,CHRIS GALLAGHER,Q343453,CHRIS KLEIN,43
74257,CHRIS GALLAGHER,Q3666566,CHARLES MILLER,43
74257,CHRIS GALLAGHER,Q16199722,CHRIS NEAL,42
74257,CHRIS GALLAGHER,Q704570,CHRIS COLE,42
74257,CHRIS GALLAGHER,Q16201711,CHRIS GALLETTA,42
74257,CHRIS GALLAGHER,Q170256,CHRIS MARKER,42
74257,CHRIS GALLAGHER,Q16864117,CHRIS KELLY,41
74257,CHRIS GALLAGHER,Q2676164,CHARLES WALKER,41
74257,CHRIS GALLAGHER,Q21196625,CHRIS SULLIVAN,41
74257,CHRIS GALLAGHER,Q22977280,CRISTINA GALLEGO,41
74257,CHRIS GALLAGHER,Q707739,CHRIS LARKIN,41
74257,CHRIS GALLAGHER,Q2964785,CHRIS LIGHTY,41
74257,CHRIS GALLAGHER,Q378950,ELARICA GALLACHER,41
74257,CHRIS GALLAGHER,Q505983,CHRIS GAUTHIER,41
74257,CHRIS GALLAGHER,Q16732130,CHRIS MATHESON,41
74257,CHRIS GALLAGHER,Q99194748,CHRIS GEORGE,41
74257,CHRIS GALLAGHER,Q16202041,CHRIS HANLEY,41
74257,CHRIS GALLAGHER,Q107300202,CHRIS OXLEY,41
74257,CHRIS GALLAGHER,Q455847,RACHEL CHAGALL,40
74257,CHRIS GALLAGHER,Q193459,NOEL GALLAGHER,40
74257,CHRIS GALLAGHER,Q545532,CHRIS LOMME,40
74257,CHRIS GALLAGHER,Q20685076,CHRIS PANG,40
74257,CHRIS GALLAGHER,Q22115177,CHRIS LAVIS,40
74257,CHRIS GALLAGHER,Q1080576,CHRISTIAN KAYSSLER,40
74257,CHRIS GALLAGHER,Q66025212,CHRIS LUCA,40
74257,CHRIS GALLAGHER,Q2966335,CHRISTOPHE LAVALLE,40
74257,CHRIS GALLAGHER,Q5106720,CHRIS GREENHALGH,40
74257,CHRIS GALLAGHER,Q919042,CHRIS RAAB,40
74257,CHRIS GALLAGHER,Q4406124,CHRIS SALVATORE,40
74257,CHRIS GALLAGHER,Q33436603,CHRISTEN MOLLER,40
74257,CHRIS GALLAGHER,Q235575,GABRIELLE CARTERIS,40
74257,CHRIS GALLAGHER,Q1064470,CHARLES FULLER,40
74257,CHRIS GALLAGHER,Q5106645,CHRIS GETHARD,39
74257,CHRIS GALLAGHER,Q1084985,CHRISTOPH GLAUBACKER,39
74257,CHRIS GALLAGHER,Q2620648,CHRIS WILLIAMS,39
74257,CHRIS GALLAGHER,Q2964858,CHRIS SHARP,39
74257,CHRIS GALLAGHER,Q2374205,ARIS MALIAGROS,39
74257,CHRIS GALLAGHER,Q66124709,CHRIS DIGGLE,39
74257,CHRIS GALLAGHER,Q6509176,LEAH CURTIS,39
74257,CHRIS GALLAGHER,Q605150,CHRIS SHEPHERD,39
74257,CHRIS GALLAGHER,Q1077862,CHRIS WILLIAMS,38
74257,CHRIS GALLAGHER,Q5107190,CHRIS LANGHAM,38
74257,CHRIS GALLAGHER,Q381622,CHRIS FISHER,38
74257,CHRIS GALLAGHER,Q1077822,CHRIS WALDEN,38
74257,CHRIS GALLAGHER,Q95225317,CHRIS HECK,38
74257,CHRIS GALLAGHER,Q1057878,GABRIELLE CHRISTIAN,38
74257,CHRIS GALLAGHER,Q1077171,CHRIS DOERK,38
74257,CHRIS GALLAGHER,Q40087631,CHRISTIN ILLEBORG,38
74257,CHRIS GALLAGHER,Q1933163,MIKE GALLAGHER,38
74257,CHRIS GALLAGHER,Q11299340,CHRIS PEPPLER,38
74257,CHRIS GALLAGHER,Q740317,KRIS SLATER,38
74257,CHRIS GALLAGHER,Q5108042,CHRIS SHERIDAN,38
74257,CHRIS GALLAGHER,Q16239109,CHRIS LANG,38
74257,CHRIS GALLAGHER,Q21159802,BRITTE LAGCHER,38
74257,CHRIS GALLAGHER,Q211566,CHRIS COLFER,38
74257,CHRIS GALLAGHER,Q17338460,CHRISTIE LAING,38
74257,CHRIS GALLAGHER,Q606715,CHRIS WALKER,37
74257,CHRIS GALLAGHER,Q5107674,CHRIS PAINE,37
74257,CHRIS GALLAGHER,Q5107451,CHRIS METZLER,37
74257,CHRIS GALLAGHER,Q78159708,BORIS GILLER,37
74257,CHRIS GALLAGHER,Q55220699,CHRIS SEAGER,36
74257,CHRIS GALLAGHER,Q16466650,CHRIS WALTERS,36
74257,CHRIS GALLAGHER,Q311752,CHRIS FARLEY,36
74257,CHRIS GALLAGHER,Q20873777,CHRISTIAN LABHART,36
74257,CHRIS GALLAGHER,Q5106521,CHRIS EYRE,36
74257,CHRIS GALLAGHER,Q5106167,CHRIS CLARK,36
74257,CHRIS GALLAGHER,Q1077108,CHRIS CLARK,36
74257,CHRIS GALLAGHER,Q5113187,CHRISTOPHER SADLER,36
74257,CHRIS GALLAGHER,Q433587,CHRIS LOWE,36
74257,CHRIS GALLAGHER,Q65068360,CHRIS POWER,36
74257,CHRIS GALLAGHER,Q5791587,CRISTIAN GALAZ,36
74257,CHRIS GALLAGHER,Q5107678,CHRIS PALMER,36
74257,CHRIS GALLAGHER,Q2965280,CHRISTIAN GAILLY,35
74257,CHRIS GALLAGHER,Q1077464,CHRIS LEE,35
74257,CHRIS GALLAGHER,Q5202550,CESAR GALLARDO,35
74257,CHRIS GALLAGHER,Q507888,CHRIS ZYLKA,35
74257,CHRIS GALLAGHER,Q5108046,CHRIS SHERIDAN,35
74257,CHRIS GALLAGHER,Q2964885,CHRIS WALLACE,35
74257,CHRIS GALLAGHER,Q11318329,CHARLES GLOVER,35
74257,CHRIS GALLAGHER,Q5107680,CHRIS PALMER,35
74257,CHRIS GALLAGHER,Q72812769,CHRISTIAN WAGNER,35
74257,CHRIS GALLAGHER,Q5107453,CHRIS MEYER,35
74257,CHRIS GALLAGHER,Q7297507,RAY GALLAGHER,35
74257,CHRIS GALLAGHER,Q5107224,CHRIS LETCHER,35
74257,CHRIS GALLAGHER,Q22006155,CHRISTA LANG,35
74257,CHRIS GALLAGHER,Q28672199,CHRISTOPHE CLAVIER,35
74257,CHRIS GALLAGHER,Q5106314,CHRIS CROUCHER,35
74257,CHRIS GALLAGHER,Q13102124,CHRISTOPHE WAGNER,35
74257,CHRIS GALLAGHER,Q55716454,CHARLES HELLER,34
74257,CHRIS GALLAGHER,Q5106633,CHRIS GEERE,34
74257,CHRIS GALLAGHER,Q5106690,CHRIS GORE,34
74257,CHRIS GALLAGHER,Q5106705,CHRIS GRANT,34
74257,CHRIS GALLAGHER,Q24718777,MATT GALLAGHER,34
74257,CHRIS GALLAGHER,Q24682132,CHRIS DURLACHER,34
74257,CHRIS GALLAGHER,Q95746736,CHRISTL LEYRER,34
74257,CHRIS GALLAGHER,Q5108119,CHRIS SPARLING,34
74257,CHRIS GALLAGHER,Q433148,CHRISTIAN LAETTNER,34
74257,CHRIS GALLAGHER,Q3543788,CHRIS EDGERLY,34
74257,CHRIS GALLAGHER,Q201641,CHRIS SANDERS,34
74257,CHRIS GALLAGHER,Q365484,DAVID GALLAGHER,34
74257,CHRIS GALLAGHER,Q5107817,CHRIS PEREZ,34
74257,CHRIS GALLAGHER,Q1087042,CHRISTOPHER VOGLER,34
74257,CHRIS GALLAGHER,Q5106208,CHRIS COGHILL,33
74257,CHRIS GALLAGHER,Q5106501,CHRIS ENGLAND,33
74257,CHRIS GALLAGHER,Q5486771,FRANK GALLAGHER,33
74257,CHRIS GALLAGHER,Q5195908,CURTIS WALKER,33
74257,CHRIS GALLAGHER,Q95312740,JAN-CHRISTOPH GLASER,33
74257,CHRIS GALLAGHER,Q2965289,CHRISTIAN GAUTIER,33
74257,CHRIS GALLAGHER,Q26215162,CHARLES LAHET,33
74257,CHRIS GALLAGHER,Q2964894,CHRIS WHITE,33
74257,CHRIS GALLAGHER,Q65115637,CLOVIS GOUAILLIER,33
74257,CHRIS GALLAGHER,Q1077839,CHRIS WARD,33
74257,CHRIS GALLAGHER,Q2964775,CHRIS KYLE,33
74257,CHRIS GALLAGHER,Q1078225,CHRISTA WELZMULLER,33
74257,CHRIS GALLAGHER,Q98001,CHRISTIAN WAGNER,32
74257,CHRIS GALLAGHER,Q1877739,CHRIS TATES,32
74257,CHRIS GALLAGHER,Q586398,CHRIS HASLAM,32
74257,CHRIS GALLAGHER,Q5107778,CHRIS PLUMMER,32
74257,CHRIS GALLAGHER,Q2959160,CHARLES GALE,32
74257,CHRIS GALLAGHER,Q556094,CHRISTIAN KELLER,32
74257,CHRIS GALLAGHER,Q55217854,CHRIS GALLAGHER,32
74257,CHRIS GALLAGHER,Q5107465,CHRIS MILLER,32
74257,CHRIS GALLAGHER,Q70730093,CHRISTINE GARNER,31
74257,CHRIS GALLAGHER,Q2964737,CHRIS HOGAN,31
74257,CHRIS GALLAGHER,Q1077870,CHRIS WILLIAMS,31
74257,CHRIS GALLAGHER,Q2964728,CHRIS HARTY,31
74257,CHRIS GALLAGHER,Q26197361,CHRIS HARTWILL,31
74257,CHRIS GALLAGHER,Q331922,RORY GALLAGHER,31
74257,CHRIS GALLAGHER,Q106896879,CHRISTIANE WALLENHAUER,31
74257,CHRIS GALLAGHER,Q6488545,LARA HARRIS,31
74257,CHRIS GALLAGHER,Q5108532,CHRIS WYLDE,31
74257,CHRIS GALLAGHER,Q5106695,CHRIS GOUGH,31
74257,CHRIS GALLAGHER,Q28147332,CRISTIAN SALGUERO,30
74257,CHRIS GALLAGHER,Q77912418,MATT GALLAGHER,30
74257,CHRIS GALLAGHER,Q16201372,PEACHES CHRIST,30
74257,CHRIS GALLAGHER,Q16266888,IRIS WAGNER,30
74257,CHRIS GALLAGHER,Q88761456,CHRISTIAAN OLWAGEN,30
74257,CHRIS GALLAGHER,Q1066112,CHARLES STALNAKER,30
74257,CHRIS GALLAGHER,Q344472,CHRIS SOULE,30
74257,CHRIS GALLAGHER,Q5106172,CHRIS CLARK,30
74257,CHRIS GALLAGHER,Q5081477,CHARLES PALMER,30
74257,CHRIS GALLAGHER,Q50094010,CHRISTINA GLUR,30
74257,CHRIS GALLAGHER,Q24706179,CHRISTY GARLAND,29
74257,CHRIS GALLAGHER,Q65171571,CHRISTIAN MALHEIROS,29
74257,CHRIS GALLAGHER,Q61014766,HILLA HOFER,29
74257,CHRIS GALLAGHER,Q106375614,CHARLES WALLACE,29
74257,CHRIS GALLAGHER,Q929120,CHRIS JAMES,29
74257,CHRIS GALLAGHER,Q737289,CHRIS GEROLMO,29
74257,CHRIS GALLAGHER,Q106375728,FRANCOIS GAILLARD,29
74257,CHRIS GALLAGHER,Q241496,CHRIS MCGREGOR,29
74257,CHRIS GALLAGHER,Q106375935,CHRIS GRAHAM,29
74257,CHRIS GALLAGHER,Q26832589,CHRIS HOFFERT,29
74257,CHRIS GALLAGHER,Q26834178,CATHERINE GALE,29
74257,CHRIS GALLAGHER,Q5106428,CHRIS DRAKE,29
74257,CHRIS GALLAGHER,Q25631673,CHRIS FULLER,28
74257,CHRIS GALLAGHER,Q2965401,CHRISTIAN LARA,28
74257,CHRIS GALLAGHER,Q370321,CHRIS HUGHES,28
74257,CHRIS GALLAGHER,Q68096357,CHRISTIAN LAROUCHE,27
74257,CHRIS GALLAGHER,Q329073,CHRIS LANDRETH,27
74257,CHRIS GALLAGHER,Q2599181,SARAH CHRONIS,27
74257,CHRIS GALLAGHER,Q3675583,CHRIS WOLFE,27
74257,CHRIS GALLAGHER,Q355995,CHRIS WALAS,27
74257,CHRIS GALLAGHER,Q1077652,CHRIS PICHLER,27
74257,CHRIS GALLAGHER,Q5110801,CHRISTINA KALOGERIKOU,27
74257,CHRIS GALLAGHER,Q15794193,CHRISTIAN GAUL,27
74257,CHRIS GALLAGHER,Q2964770,CHRIS KRAMER,26
74257,CHRIS GALLAGHER,Q14286,CHRIS EVERT,26
74257,CHRIS GALLAGHER,Q1322201,CHRISTIE CLARIDGE,26
74257,CHRIS GALLAGHER,Q71664562,CHRIS LINE,26
74257,CHRIS GALLAGHER,Q2433984,TIM GALLAGHER,26
74257,CHRIS GALLAGHER,Q122340,CHRISTA LOSER,25
74257,CHRIS GALLAGHER,Q5108221,CHRIS TALLMAN,25
74257,CHRIS GALLAGHER,Q21226669,CHRISTOPH GRABNER,25
74257,CHRIS GALLAGHER,Q2205924,CHRIS ZEGERS,25
74257,CHRIS GALLAGHER,Q22338525,CHRIS KELLY,24
74257,CHRIS GALLAGHER,Q1085139,CHRISTOPH HELLER,24
74257,CHRIS GALLAGHER,Q19831864,CHRIS DERKS,24
74257,CHRIS GALLAGHER,Q1077703,CHRIS RIGGI,23
74257,CHRIS GALLAGHER,Q22248204,CERISE LECLERC,22
74257,CHRIS GALLAGHER,Q27044488,CHRIS GALE,22
74257,CHRIS GALLAGHER,Q172364,CHRIS LAWRENCE,22
74257,CHRIS GALLAGHER,Q5109215,CHRISTI LAKE,22
74257,CHRIS GALLAGHER,Q20090478,CHRISTINA COLLARD,21
74257,CHRIS GALLAGHER,Q55753866,CHRISTOPHER GALLO,21
74257,CHRIS GALLAGHER,Q5107564,CHRIS NEAL,21
74257,CHRIS GALLAGHER,Q5181672,CRAIGHALL SHERRY,21
74257,CHRIS GALLAGHER,Q877858,CHRIS DAUGHTRY,20
74257,CHRIS GALLAGHER,Q5113023,CHRISTOPHER PALMER,20
74257,CHRIS GALLAGHER,Q5107775,CHRIS PIPER,20
74257,CHRIS GALLAGHER,Q5107779,CHRIS PLUMMER,20
74257,CHRIS GALLAGHER,Q5657911,HARISH RAGHAVENDRA,20
74257,CHRIS GALLAGHER,Q4192350,CHRIS ROGHAIR,20
74257,CHRIS GALLAGHER,Q313508,CHRIS VANCE,20
74257,CHRIS GALLAGHER,Q3248887,CHRIS MYERS,20
74257,CHRIS GALLAGHER,Q5107207,CHRIS LE,20
74257,CHRIS GALLAGHER,Q26922386,CHRIS POOLE,19
74257,CHRIS GALLAGHER,Q102178543,LARA GALLAGHER,19
74257,CHRIS GALLAGHER,Q7087451,OLIVER CHRIS,19
74257,CHRIS GALLAGHER,Q41674715,CHRIS PERRY,17
74257,CHRIS GALLAGHER,Q106712865,CHRIS MIERA,11
74257,CHRIS GALLAGHER,Q5074526,CHARITY RAHMER,10
74257,CHRIS GALLAGHER,Q47015693,WALTER RISS,0
74257,CHRIS GALLAGHER,Q95782172,WALTER CHRISTIAN,0
74257,CHRIS GALLAGHER,Q1077492,CHRIS LOHNER,0
74257,CHRIS GALLAGHER,Q94635147,CHRISTIAN HALLIG,0
74257,CHRIS GALLAGHER,Q13034482,CHRIS DE CLERQ,0
74257,CHRIS GALLAGHER,Q29025442,CHRISTIAN L. LARSEN,0
74257,CHRIS GALLAGHER,Q5608579,WALTER CHRISTMAS,0
74257,CHRIS GALLAGHER,Q16404429,HARTIUS MOLLER,0
74257,CHRIS GALLAGHER,Q42047253,ERIK CHRIS,0
74257,CHRIS GALLAGHER,Q4132238,BORIS GALANTER,0
74257,CHRIS GALLAGHER,Q4132172,BORIS GALAYEV,0
74257,CHRIS GALLAGHER,Q3675727,CHRISTIANE FILANGIERI,0
74257,CHRIS GALLAGHER,Q63857268,CHRISTOS GIANNARIS,0
74257,CHRIS GALLAGHER,Q30106251,CHRISTOPH GAUGLER,0
74257,CHRIS GALLAGHER,Q2965942,CHRISTINE LEMLER,0
74257,CHRIS GALLAGHER,Q88691735,CHRISTINA RAMSAUER,0
