acmi_id,acmi_name,wikidata_id,wikidata_name,match
80169,JANE ANDERSON,Q3057512,ERVILLE ALDERSON,65
80169,JANE ANDERSON,Q25882901,GARY ADELSON,62
80169,JANE ANDERSON,Q2509755,VAN ALEXANDER,61
80169,JANE ANDERSON,Q234921,BIBI ANDERSSON,60
80169,JANE ANDERSON,Q5934026,ANDERS LANDSTROM,60
80169,JANE ANDERSON,Q1372770,WILLIAM SANDERSON,59
80169,JANE ANDERSON,Q535026,JOYCE JAMESON,57
80169,JANE ANDERSON,Q2162645,ROLAND ANDERSON,56
80169,JANE ANDERSON,Q1804811,LANE CHANDLER,56
80169,JANE ANDERSON,Q232863,JUNE ALLYSON,56
80169,JANE ANDERSON,Q6137080,JAMES ANDERSON,56
80169,JANE ANDERSON,Q1393256,JACK CARSON,55
80169,JANE ANDERSON,Q726398,JAMES GLEASON,55
80169,JANE ANDERSON,Q491212,ANDERS NYBORG,55
80169,JANE ANDERSON,Q3496795,STANLEY ANDREWS,55
80169,JANE ANDERSON,Q1699098,JOHN ADDISON,55
80169,JANE ANDERSON,Q2846122,ANDERS RANDOLF,54
80169,JANE ANDERSON,Q3237273,LEW LANDERS,54
80169,JANE ANDERSON,Q1681583,JAN ARVAN,53
80169,JANE ANDERSON,Q381768,JOEL EDGERTON,53
80169,JANE ANDERSON,Q5949287,JUAN ESPANTALEON,53
80169,JANE ANDERSON,Q345877,HARRISON PAGE,53
80169,JANE ANDERSON,Q223687,WES ANDERSON,52
80169,JANE ANDERSON,Q2904476,BIRGITTA ANDERSSON,52
80169,JANE ANDERSON,Q17350037,M.A. ANDERSON,52
80169,JANE ANDERSON,Q359251,JEAN HERSHOLT,51
80169,JANE ANDERSON,Q298352,LINDSAY ANDERSON,51
80169,JANE ANDERSON,Q75507273,ANDERS SANDBERG,51
80169,JANE ANDERSON,Q3181327,JOHN DAVIDSON,51
80169,JANE ANDERSON,Q1681372,JAMIE ANDERSON,50
80169,JANE ANDERSON,Q365633,DANA ANDREWS,50
80169,JANE ANDERSON,Q3161984,JANINE BERDIN,50
80169,JANE ANDERSON,Q257277,LANA CLARKSON,50
80169,JANE ANDERSON,Q1699151,JOHN ANDERSON,50
80169,JANE ANDERSON,Q2708564,GEORGES-JEAN ARNAUD,50
80169,JANE ANDERSON,Q6173404,JEFF BRANSON,50
80169,JANE ANDERSON,Q6694988,LUANA ANDERS,50
80169,JANE ANDERSON,Q100948,RACHEL CARSON,50
80169,JANE ANDERSON,Q491248,ANDERS REFN,49
80169,JANE ANDERSON,Q3505895,SUZANNE BARON,49
80169,JANE ANDERSON,Q7886491,JAMES ELLISON,49
80169,JANE ANDERSON,Q6881133,MITCHELL ANDERSON,49
80169,JANE ANDERSON,Q3809247,JOHN EMERSON,49
80169,JANE ANDERSON,Q1738335,KELO HENDERSON,49
80169,JANE ANDERSON,Q230448,JANE CAMPION,49
80169,JANE ANDERSON,Q6187084,JESSICA ANDERSON,49
80169,JANE ANDERSON,Q374447,SAM ANDERSON,49
80169,JANE ANDERSON,Q108510,JAMES GARNER,49
80169,JANE ANDERSON,Q482672,ANA ALEXANDER,49
80169,JANE ANDERSON,Q16165163,JOHN ANDREAS ANDERSEN,49
80169,JANE ANDERSON,Q287688,MARY ANDERSON,49
80169,JANE ANDERSON,Q19371708,ANDERS TEIGEN,49
80169,JANE ANDERSON,Q3181206,JOHN CARSON,49
80169,JANE ANDERSON,Q1677416,JACOB ANDERSON,49
80169,JANE ANDERSON,Q346384,JAMES ACHESON,48
80169,JANE ANDERSON,Q4954592,BRADFORD ANDERSON,48
80169,JANE ANDERSON,Q1386443,NATHAN LARSON,48
80169,JANE ANDERSON,Q280455,FAYE EMERSON,48
80169,JANE ANDERSON,Q6820400,MERRY ANDERS,48
80169,JANE ANDERSON,Q974467,MICHAEL J. ANDERSON,48
80169,JANE ANDERSON,Q4758823,ANDREW WAGNER,48
80169,JANE ANDERSON,Q1094759,CLAIRE ANDERSON,48
80169,JANE ANDERSON,Q539685,MICHAEL ANDERSON,48
80169,JANE ANDERSON,Q238895,CAROLYN JONES,48
80169,JANE ANDERSON,Q234923,HARRIET ANDERSSON,48
80169,JANE ANDERSON,Q21663058,ANDREAS JOHNSEN,48
80169,JANE ANDERSON,Q516013,ANDRAS JELES,48
80169,JANE ANDERSON,Q182462,JANET GAYNOR,48
80169,JANE ANDERSON,Q526853,SUSY ANDERSEN,48
80169,JANE ANDERSON,Q455188,JAYNE ATKINSON,48
80169,JANE ANDERSON,Q12301414,ANDERS HOVE,47
80169,JANE ANDERSON,Q5211262,DALLAS ANDERSON,47
80169,JANE ANDERSON,Q6095767,IVAN ABRAMSON,47
80169,JANE ANDERSON,Q308722,JAMES GANDOLFINI,47
80169,JANE ANDERSON,Q705624,JURRIAAN ANDRIESSEN,47
80169,JANE ANDERSON,Q344735,JACK ALBERTSON,47
80169,JANE ANDERSON,Q282778,DAVID ANDERS,47
80169,JANE ANDERSON,Q11832118,JOANNA BARNES,47
80169,JANE ANDERSON,Q301491,JASON CERBONE,47
80169,JANE ANDERSON,Q5553323,PETER S. ANDERSEN,47
80169,JANE ANDERSON,Q5675081,ANDONI CANELA,47
80169,JANE ANDERSON,Q2275668,ANDRES PAJARES,47
80169,JANE ANDERSON,Q514142,MAUREEN ANDERMAN,47
80169,JANE ANDERSON,Q7341515,ROBERT ANDERSON,47
80169,JANE ANDERSON,Q890739,ANDRE ROANNE,47
80169,JANE ANDERSON,Q5553706,ROBERT ANDERSON,47
80169,JANE ANDERSON,Q5673753,ANA FERNANDEZ,46
80169,JANE ANDERSON,Q490797,ANDERS BOHMAN,46
80169,JANE ANDERSON,Q16017313,JOHN ALDERSON,46
80169,JANE ANDERSON,Q635640,JANOS DERZSI,46
80169,JANE ANDERSON,Q6990787,NELSON XAVIER,46
80169,JANE ANDERSON,Q2848238,ANDRE MARANNE,46
80169,JANE ANDERSON,Q161819,JULIE ANDREWS,46
80169,JANE ANDERSON,Q4757535,ANDREW JONES,46
80169,JANE ANDERSON,Q3398251,ASBJORN ANDERSEN,46
80169,JANE ANDERSON,Q1379040,JAMES HARRISON,46
80169,JANE ANDERSON,Q932647,RICHARD ANDERSON,46
80169,JANE ANDERSON,Q3127508,HARMON JONES,46
80169,JANE ANDERSON,Q348194,MIGNON ANDERSON,46
80169,JANE ANDERSON,Q3161843,JANE ANDERSON,45
80169,JANE ANDERSON,Q5556457,WILLIE ANDREASON,45
80169,JANE ANDERSON,Q3161017,JAMES DEARDEN,45
80169,JANE ANDERSON,Q1120847,JANE BESS,45
80169,JANE ANDERSON,Q29617984,NED LANDER,45
80169,JANE ANDERSON,Q558844,JEFF CHANDLER,45
80169,JANE ANDERSON,Q2838338,ALLISON LANGE,45
80169,JANE ANDERSON,Q2778476,PETER ANDERSSON,45
80169,JANE ANDERSON,Q2012810,RENEE ASHERSON,45
80169,JANE ANDERSON,Q76399,ELGA ANDERSEN,45
80169,JANE ANDERSON,Q2577230,WILLIAM M. ANDERSON,45
80169,JANE ANDERSON,Q1699530,JOHN CAMERON,45
80169,JANE ANDERSON,Q21404082,STUART ANDERSON,45
80169,JANE ANDERSON,Q3161916,JANET BRANDT,45
80169,JANE ANDERSON,Q3082484,FRANK ALBERTSON,45
80169,JANE ANDERSON,Q955266,JAMES DOBSON,45
80169,JANE ANDERSON,Q1384021,TAGE DANIELSSON,45
80169,JANE ANDERSON,Q6153228,JANET BURSTON,45
80169,JANE ANDERSON,Q3335637,NANE GERMON,45
80169,JANE ANDERSON,Q1345010,KNUT ANDERSEN,45
80169,JANE ANDERSON,Q713514,BJORN ANDRESEN,45
80169,JANE ANDERSON,Q3176063,JEANNE HARDEYN,45
80169,JANE ANDERSON,Q535441,ANNETTE ANDRE,45
80169,JANE ANDERSON,Q109814112,ASHTON JANVIER,45
80169,JANE ANDERSON,Q3170752,JEAN BERTON,45
80169,JANE ANDERSON,Q452238,YVONNE RAINER,45
80169,JANE ANDERSON,Q1140895,JEFF ANDERSON,45
80169,JANE ANDERSON,Q60341,SEAN ANDERS,44
80169,JANE ANDERSON,Q83325,PAMELA ANDERSON,44
80169,JANE ANDERSON,Q3930636,RAY PATTERSON,44
80169,JANE ANDERSON,Q16150300,TREVOR ANDERSON,44
80169,JANE ANDERSON,Q6132222,SONIA GRANDE,44
80169,JANE ANDERSON,Q3342662,NOEL MADISON,44
80169,JANE ANDERSON,Q2228583,HERBERT ANDERSON,44
80169,JANE ANDERSON,Q458026,JANET AGREN,44
80169,JANE ANDERSON,Q168569,MARTIN ANDERSEN NEXO,44
80169,JANE ANDERSON,Q230415,JUDITH ANDERSON,44
80169,JANE ANDERSON,Q297240,KEN ANDERSON,44
80169,JANE ANDERSON,Q263977,JEANNE EAGELS,44
80169,JANE ANDERSON,Q5731547,HEO JANG-GANG,44
80169,JANE ANDERSON,Q552806,WAYNE NEWTON,44
80169,JANE ANDERSON,Q129375,BRENT ANDERSON,44
80169,JANE ANDERSON,Q5394313,ERNI ARNESON,44
80169,JANE ANDERSON,Q7218890,NANCY BRANDES,44
80169,JANE ANDERSON,Q1375319,JAN DE HARTOG,44
80169,JANE ANDERSON,Q3172235,JEAN GASCON,44
80169,JANE ANDERSON,Q229487,ALLISON JANNEY,44
80169,JANE ANDERSON,Q313918,ANTHONY ANDERSON,44
80169,JANE ANDERSON,Q4772822,ANTHONY JAMES,44
80169,JANE ANDERSON,Q313749,JON ANDERSON,44
80169,JANE ANDERSON,Q313566,ALEXANDER PAYNE,44
80169,JANE ANDERSON,Q6152339,JANE HAMILTON,44
80169,JANE ANDERSON,Q515964,ANDRAS BALINT,44
80169,JANE ANDERSON,Q21283083,JUAN CARRASCO,44
80169,JANE ANDERSON,Q18043595,JOE ADLER,44
80169,JANE ANDERSON,Q12027507,JAN DURIS,44
80169,JANE ANDERSON,Q97457,GUNTHER ANDERS,44
80169,JANE ANDERSON,Q3046262,WARNER ANDERSON,44
80169,JANE ANDERSON,Q5566212,GLADDEN JAMES,44
80169,JANE ANDERSON,Q721191,JOHN L. BALDERSTON,44
80169,JANE ANDERSON,Q5936944,ANDERS LARSSON,43
80169,JANE ANDERSON,Q3850430,MARY ANDERSON,43
80169,JANE ANDERSON,Q7291737,RANDLE AYRTON,43
80169,JANE ANDERSON,Q17489938,JACE ANDERSON,43
80169,JANE ANDERSON,Q1700383,JOHN HARRISON,43
80169,JANE ANDERSON,Q503412,BOB ANDERSON,43
80169,JANE ANDERSON,Q2502683,DON PAYNE,43
80169,JANE ANDERSON,Q505641,DEACON JONES,43
80169,JANE ANDERSON,Q24686984,KIP ANDERSEN,43
80169,JANE ANDERSON,Q632318,NANDO PAONE,43
80169,JANE ANDERSON,Q2453511,RUSSELL ANDERSON,43
80169,JANE ANDERSON,Q383681,YVONNE SANSON,43
80169,JANE ANDERSON,Q432919,MAXWELL ANDERSON,43
80169,JANE ANDERSON,Q514606,JACQUELINE ANDERE,43
80169,JANE ANDERSON,Q5542772,JAY ADLER,43
80169,JANE ANDERSON,Q253343,JAIMIE ALEXANDER,43
80169,JANE ANDERSON,Q3352541,ONDREJ TROJAN,43
80169,JANE ANDERSON,Q3160397,JACY ANDREWS,43
80169,JANE ANDERSON,Q2094939,WAYNE ROBSON,43
80169,JANE ANDERSON,Q1376401,SUNSET CARSON,43
80169,JANE ANDERSON,Q1065027,CAMILLE ANDERSON,43
80169,JANE ANDERSON,Q919876,JOHN ERICSON,43
80169,JANE ANDERSON,Q3031635,NADINE GARNER,43
80169,JANE ANDERSON,Q485298,GILLIAN ANDERSON,43
80169,JANE ANDERSON,Q1605965,JEANNE BATES,43
80169,JANE ANDERSON,Q2926396,BRUCE BENDERSON,43
80169,JANE ANDERSON,Q962579,JOE DON BAKER,43
80169,JANE ANDERSON,Q436360,JANE ADAMS,43
80169,JANE ANDERSON,Q85520714,ERIK ANDERSSON,43
80169,JANE ANDERSON,Q21787621,SANDER SNOEP,43
80169,JANE ANDERSON,Q1255263,JASON JONES,43
80169,JANE ANDERSON,Q35985681,KURT ANDERSEN,43
80169,JANE ANDERSON,Q490887,ANDERS EK,43
80169,JANE ANDERSON,Q26884722,ROBERT ANDERSON,43
80169,JANE ANDERSON,Q1808035,LAURENE LANDON,43
80169,JANE ANDERSON,Q12319212,JENS ANDERSEN,43
80169,JANE ANDERSON,Q97481,JAN HENDRIKS,43
80169,JANE ANDERSON,Q2205546,DEMON ONE,42
80169,JANE ANDERSON,Q220883,POUL ANDERSON,42
80169,JANE ANDERSON,Q22093702,ANDERS FLATLAND,42
80169,JANE ANDERSON,Q4750585,ANABEL ALONSO,42
80169,JANE ANDERSON,Q20706768,MARCIA HENDERSON,42
80169,JANE ANDERSON,Q470190,JAMES ARNESS,42
80169,JANE ANDERSON,Q3170364,JEAN ANDERSON,42
80169,JANE ANDERSON,Q4260799,JOHAN ANKERSTJERNE,42
80169,JANE ANDERSON,Q703676,JOE ANDERSON,42
80169,JANE ANDERSON,Q3161097,JAMES GALLANDERS,42
80169,JANE ANDERSON,Q3176005,JEANNE CAGNEY,42
80169,JANE ANDERSON,Q311754,JASON ALEXANDER,42
80169,JANE ANDERSON,Q317784,JERMAINE JACKSON,42
80169,JANE ANDERSON,Q3086931,FRED PERSONNE,42
80169,JANE ANDERSON,Q748391,ERNIE ANDERSON,42
80169,JANE ANDERSON,Q3273768,MABEL ALBERTSON,42
80169,JANE ANDERSON,Q48769673,KEVIN ANDERSON,42
80169,JANE ANDERSON,Q2851618,ANNIE ANDERSON,42
80169,JANE ANDERSON,Q5555118,KARL ANDERSSON,42
80169,JANE ANDERSON,Q28100185,JAIME ANDRADA,42
80169,JANE ANDERSON,Q2314629,JOHN ALDERTON,42
80169,JANE ANDERSON,Q6521290,LEMON ANDERSEN,42
80169,JANE ANDERSON,Q3616551,ANDY LANE,42
80169,JANE ANDERSON,Q370188,JOAN HARRISON,42
80169,JANE ANDERSON,Q26831157,SONIA ANDERSON,42
80169,JANE ANDERSON,Q2610657,ERICH ANDERSON,42
80169,JANE ANDERSON,Q5297892,DORIS ANDERSON,42
80169,JANE ANDERSON,Q255203,JULIET ANDERSON,42
80169,JANE ANDERSON,Q383821,JANNE CARLSSON,42
80169,JANE ANDERSON,Q5264792,DESMOND SAUNDERS,42
80169,JANE ANDERSON,Q24189388,JULIAN DENNISON,42
80169,JANE ANDERSON,Q204426,JANE ASHER,42
80169,JANE ANDERSON,Q266340,LONI ANDERSON,42
80169,JANE ANDERSON,Q12303640,BJARNE ADRIAN,42
80169,JANE ANDERSON,Q19559954,LEONA ANDERSON,42
80169,JANE ANDERSON,Q969468,CARL ANDERSON,42
80169,JANE ANDERSON,Q1751027,EDDIE ANDERSON,42
80169,JANE ANDERSON,Q6132686,JAMES DODSON,42
80169,JANE ANDERSON,Q6173040,ANGEL ALONSO,42
80169,JANE ANDERSON,Q11866390,JERRY JAMESON,42
80169,JANE ANDERSON,Q1253224,JEAN ANGELO,42
80169,JANE ANDERSON,Q131324,JANET JACKSON,42
80169,JANE ANDERSON,Q104640833,JAN DRNEK,42
80169,JANE ANDERSON,Q85412098,ADEL SHOJAEI,42
80169,JANE ANDERSON,Q6151233,JANE CARR,42
80169,JANE ANDERSON,Q16070589,WILLIAM ANDERSON,42
80169,JANE ANDERSON,Q16146104,RICHARD L. ANDERSON,42
80169,JANE ANDERSON,Q10411179,ANDERS MELANDER,42
80169,JANE ANDERSON,Q1740075,KEVIN ANDERSON,41
80169,JANE ANDERSON,Q2405762,TERRY SANDERS,41
80169,JANE ANDERSON,Q3806787,JAMIE ANDERSON,41
80169,JANE ANDERSON,Q23900757,STEVEN ANDERSON,41
80169,JANE ANDERSON,Q2938806,CARINE JANSEN,41
80169,JANE ANDERSON,Q400,JENNA JAMESON,41
80169,JANE ANDERSON,Q1729392,KARIN ANDERSEN,41
80169,JANE ANDERSON,Q5953999,JUANJO ARTERO,41
80169,JANE ANDERSON,Q26913425,STEVEN L. ANDERSON,41
80169,JANE ANDERSON,Q2412115,GERALD ANDERSON,41
80169,JANE ANDERSON,Q4065275,ALEX ANDERSON,41
80169,JANE ANDERSON,Q16222226,DEREK WAYNE JOHNSON,41
80169,JANE ANDERSON,Q1212414,ANDRAS MARTON,41
80169,JANE ANDERSON,Q12023387,JANA ANDRESIKOVA,41
80169,JANE ANDERSON,Q7143190,PAT ANDERSON,41
80169,JANE ANDERSON,Q4233723,PAULINE GARON,41
80169,JANE ANDERSON,Q11959422,ASTA ESPER ANDERSEN,41
80169,JANE ANDERSON,Q380608,PAUL W. S. ANDERSON,41
80169,JANE ANDERSON,Q1685482,JEAN DEROME,41
80169,JANE ANDERSON,Q1686269,JEFF CAMERON,41
80169,JANE ANDERSON,Q3170361,JEAN ANDERSON,41
80169,JANE ANDERSON,Q3176042,JEANNE FERRON,41
80169,JANE ANDERSON,Q27044366,RYAN PATTERSON,41
80169,JANE ANDERSON,Q1377923,GARSON KANIN,41
80169,JANE ANDERSON,Q32522,JENNIFER ANISTON,41
80169,JANE ANDERSON,Q15442956,JOAN GARDNER,41
80169,JANE ANDERSON,Q2639039,CANDIS CAYNE,41
80169,JANE ANDERSON,Q327226,WILL SANDERSON,41
80169,JANE ANDERSON,Q1340391,KJELL-AKE ANDERSSON,41
80169,JANE ANDERSON,Q12373454,RAINER SARNET,41
80169,JANE ANDERSON,Q6794537,MAX ANDERSON,41
80169,JANE ANDERSON,Q2498137,KIM ANDERZON,41
80169,JANE ANDERSON,Q24817361,JOHN CAMERON,41
80169,JANE ANDERSON,Q16301948,ALEJANDRO RAE,41
80169,JANE ANDERSON,Q5553217,GOTHA ANDERSEN,41
80169,JANE ANDERSON,Q1682571,JANE BAXTER,41
80169,JANE ANDERSON,Q6170380,JEAN CARSON,41
80169,JANE ANDERSON,Q5925026,JAIME FALERO,41
80169,JANE ANDERSON,Q12324918,LOTTE ANDERSEN,41
80169,JANE ANDERSON,Q6151119,JANE ARDEN,41
80169,JANE ANDERSON,Q6880791,MITCH ANDERSON,41
80169,JANE ANDERSON,Q18328857,AHN JAE-HONG,41
80169,JANE ANDERSON,Q53563,RYAN HARRISON,41
80169,JANE ANDERSON,Q1159900,DANIEL ALFREDSON,41
80169,JANE ANDERSON,Q21995421,JOE CANDELORA,41
80169,JANE ANDERSON,Q109774867,ANNE FONTAINE,41
80169,JANE ANDERSON,Q61887582,JULIE ANDRESEN,41
80169,JANE ANDERSON,Q4758631,ANDREW STEANE,41
80169,JANE ANDERSON,Q4753766,ANDERS EKBORG,41
80169,JANE ANDERSON,Q84739,HELGA ANDERS,41
80169,JANE ANDERSON,Q21505941,JAMES BARNES,41
80169,JANE ANDERSON,Q18921335,ELLA ANDERSON,41
80169,JANE ANDERSON,Q6851300,MILES ANDERSON,41
80169,JANE ANDERSON,Q530921,NAUNTON WAYNE,41
80169,JANE ANDERSON,Q6107273,J. TODD ANDERSON,41
80169,JANE ANDERSON,Q3307992,"MICHAEL ANDERSON, JR.",40
80169,JANE ANDERSON,Q3287751,MARC ANDREONI,40
80169,JANE ANDERSON,Q1356510,ERNEST DICKERSON,40
80169,JANE ANDERSON,Q5576614,ANDERS BIRKELAND,40
80169,JANE ANDERSON,Q4935965,TINTIN ANDERZON,40
80169,JANE ANDERSON,Q4935911,OLGA ANDERSSON,40
80169,JANE ANDERSON,Q3441481,RONA ANDERSON,40
80169,JANE ANDERSON,Q16299215,JANNE HYYTIAINEN,40
80169,JANE ANDERSON,Q3484577,SIMONE LANDRY,40
80169,JANE ANDERSON,Q5848120,JUANA CORDERO,40
80169,JANE ANDERSON,Q84179063,JOHN ALDERMAN,40
80169,JANE ANDERSON,Q7437182,SCOTT S. ANDERSON,40
80169,JANE ANDERSON,Q258037,ANDREA ANDERS,40
80169,JANE ANDERSON,Q3179667,JOANNE ARSENEAU,40
80169,JANE ANDERSON,Q20680541,ANDERS DALE,40
80169,JANE ANDERSON,Q91758,ANDREAS KUNZE,40
80169,JANE ANDERSON,Q68302796,AARON NEE,40
80169,JANE ANDERSON,Q31085760,NIELS PAGH ANDERSEN,40
80169,JANE ANDERSON,Q9027608,MANUEL BANDERA,40
80169,JANE ANDERSON,Q3161584,JAMISON JONES,40
80169,JANE ANDERSON,Q5714895,RUNE ERICSON,40
80169,JANE ANDERSON,Q26884768,JAMES ERSKINE,40
80169,JANE ANDERSON,Q89991,ALEXANDER TROJAN,40
80169,JANE ANDERSON,Q1438942,MIE ANDREASEN,40
80169,JANE ANDERSON,Q1362806,ERWIN ANDERS,40
80169,JANE ANDERSON,Q3170312,JEAN ALDEN-DELOS,40
80169,JANE ANDERSON,Q2052002,STANLEY ANDERSON,40
80169,JANE ANDERSON,Q2058704,PAUL ANDERSON,40
80169,JANE ANDERSON,Q3176447,JEFF CARLSON,40
80169,JANE ANDERSON,Q6255568,ELNER AKESSON,40
80169,JANE ANDERSON,Q530489,JOSH HENDERSON,40
80169,JANE ANDERSON,Q89470,HANS ANDROSCHIN,40
80169,JANE ANDERSON,Q92862,JARON LANIER,40
80169,JANE ANDERSON,Q15461750,HUNTER CARSON,40
80169,JANE ANDERSON,Q598238,BRAD ANDERSON,40
80169,JANE ANDERSON,Q83739405,ADDISON RAE,40
80169,JANE ANDERSON,Q7611855,STEVE BALDERSON,40
80169,JANE ANDERSON,Q40523633,ANDERS WALLIN,40
80169,JANE ANDERSON,Q12301381,ANDERS BRINK MADSEN,40
80169,JANE ANDERSON,Q101080531,KAREL ANDERLE,40
80169,JANE ANDERSON,Q21704646,ISABEL HINDERSIN,40
80169,JANE ANDERSON,Q28971576,MANUEL J. GOYANES,40
80169,JANE ANDERSON,Q37493128,ANDERS RIIS-HANSEN,40
80169,JANE ANDERSON,Q42574,JAMES CAMERON,40
80169,JANE ANDERSON,Q432845,ANDREW ADAMSON,40
80169,JANE ANDERSON,Q5487780,FRANK L. ANDERSON,40
80169,JANE ANDERSON,Q3812964,KAREN CARLSON,40
80169,JANE ANDERSON,Q703513,ROY ANDERSSON,40
80169,JANE ANDERSON,Q2863473,ARON WARNER,40
80169,JANE ANDERSON,Q12301481,ANDERS VILLADSEN,40
80169,JANE ANDERSON,Q4757693,ANDREW LANE,40
80169,JANE ANDERSON,Q16222601,JANE FABER,39
80169,JANE ANDERSON,Q4753869,ANDERS MATTHESEN,39
80169,JANE ANDERSON,Q508778,MELODY ANDERSON,39
80169,JANE ANDERSON,Q3990271,THERESA ANDERSSON,39
80169,JANE ANDERSON,Q22956207,ANDERS JUUL,39
80169,JANE ANDERSON,Q2011799,WAYNE GRAYSON,39
80169,JANE ANDERSON,Q905490,JANOS HERSKO,39
80169,JANE ANDERSON,Q1501362,GENE ANDERSON,39
80169,JANE ANDERSON,Q1972434,JULANNE JOHNSTON,39
80169,JANE ANDERSON,Q6446589,KURT ANDERSEN,39
80169,JANE ANDERSON,Q38471618,THYGE ANDERSEN,39
80169,JANE ANDERSON,Q3559782,VINCENT PATERSON,39
80169,JANE ANDERSON,Q242717,JANE ALEXANDER,39
80169,JANE ANDERSON,Q291205,ANNE FONTAINE,39
80169,JANE ANDERSON,Q4761147,ANDY PATERSON,39
80169,JANE ANDERSON,Q7786709,THOM ANDERSEN,39
80169,JANE ANDERSON,Q4935846,LAILA ANDERSSON,39
80169,JANE ANDERSON,Q682139,MICHAEL ANDERSEN,39
80169,JANE ANDERSON,Q2524092,ANDY ANDERSON,39
80169,JANE ANDERSON,Q1676908,JACE ALEXANDER,39
80169,JANE ANDERSON,Q3566844,WAYNE MAUNDER,39
80169,JANE ANDERSON,Q216100,IAN ANDERSON,39
80169,JANE ANDERSON,Q56342186,JESSIE HENDERSON,39
80169,JANE ANDERSON,Q7365924,RONNIE MASTERSON,39
80169,JANE ANDERSON,Q3750200,FRANCESCO MANDER,39
80169,JANE ANDERSON,Q28070914,LEANDRO MARTINEZ,39
80169,JANE ANDERSON,Q1700285,JOHN GRIERSON,39
80169,JANE ANDERSON,Q28057607,JACEK DROSIO,39
80169,JANE ANDERSON,Q5606797,GREGORY ANDERSON,38
80169,JANE ANDERSON,Q5046932,CARSON GRANT,38
80169,JANE ANDERSON,Q28830353,JANE BAKER,38
80169,JANE ANDERSON,Q295431,JULIAN BARNES,38
80169,JANE ANDERSON,Q2892269,BAYNES BARRON,38
80169,JANE ANDERSON,Q56164609,HANNAH EMILY ANDERSON,38
80169,JANE ANDERSON,Q2979423,CLIVE ANDERSON,38
80169,JANE ANDERSON,Q543548,ANGRY ANDERSON,38
80169,JANE ANDERSON,Q154717,ROBERT ANDERSON,38
80169,JANE ANDERSON,Q981993,IAN CHARLESON,38
80169,JANE ANDERSON,Q445725,LINA LEANDERSSON,38
80169,JANE ANDERSON,Q461278,MARTIN HENDERSON,38
80169,JANE ANDERSON,Q4353947,WIKTOR ANDERSSON,38
80169,JANE ANDERSON,Q461920,LANE GARRISON,38
80169,JANE ANDERSON,Q713173,DWAYNE CAMERON,38
80169,JANE ANDERSON,Q472425,GLENN ANDERS,38
80169,JANE ANDERSON,Q96037540,LIANE BRANDON,38
80169,JANE ANDERSON,Q4753878,ANDERS NELSSON,38
80169,JANE ANDERSON,Q4756207,ANDREW ANDERSON,38
80169,JANE ANDERSON,Q109774595,VANNIA CALDERON,38
80169,JANE ANDERSON,Q4885225,BEN ANDERSON,38
80169,JANE ANDERSON,Q360550,JAYE DAVIDSON,38
80169,JANE ANDERSON,Q6152348,JANE HAMSHER,38
80169,JANE ANDERSON,Q6166609,JAY FERGUSON,38
80169,JANE ANDERSON,Q356871,ANDERSON SILVA,38
80169,JANE ANDERSON,Q446825,JUDIE ARONSON,38
80169,JANE ANDERSON,Q98435837,ANDERS LINDBERG,38
80169,JANE ANDERSON,Q13429608,ANDRE VAN DUREN,38
80169,JANE ANDERSON,Q529001,ANDRE ANTOINE,38
80169,JANE ANDERSON,Q3181726,JOHN HENDERSON,38
80169,JANE ANDERSON,Q317516,JAMES DENTON,38
80169,JANE ANDERSON,Q3161841,JANE ALEXANDER,38
80169,JANE ANDERSON,Q3161654,JAN EGLESON,38
80169,JANE ANDERSON,Q5555938,ROLF ANDERSSON,38
80169,JANE ANDERSON,Q1980821,RAY HENDERSON,38
80169,JANE ANDERSON,Q142567,JACK ANDERSON,38
80169,JANE ANDERSON,Q85306,CHRISTIAN ANDERS,38
80169,JANE ANDERSON,Q276337,JEANNE AUBERT,38
80169,JANE ANDERSON,Q2069525,SAFFRON HENDERSON,38
80169,JANE ANDERSON,Q20722023,BRANDON JOURDAN,38
80169,JANE ANDERSON,Q5709073,ANDERS ELJAS,38
80169,JANE ANDERSON,Q1918946,MELANIE ANDERNACH,38
80169,JANE ANDERSON,Q1809650,DUSTY ANDERSON,38
80169,JANE ANDERSON,Q27050460,J ANDERS URMACHER,38
80169,JANE ANDERSON,Q214582,BENNY ANDERSSON,38
80169,JANE ANDERSON,Q7976758,WAYNE WATSON,38
80169,JANE ANDERSON,Q1637954,SEAN NELSON,38
80169,JANE ANDERSON,Q2434817,PAUL CALDERON,38
80169,JANE ANDERSON,Q275340,JOAN CHANDLER,38
80169,JANE ANDERSON,Q26705136,JUAN ANDRES ARANGO,38
80169,JANE ANDERSON,Q16844689,JOEL DEROUIN,38
80169,JANE ANDERSON,Q17516013,TONE ANDERSEN,38
80169,JANE ANDERSON,Q2847441,ANDRE CARNEGE,38
80169,JANE ANDERSON,Q80219829,JOHN ANDERSON,37
80169,JANE ANDERSON,Q2597899,JEANNE CARPENTER,37
80169,JANE ANDERSON,Q2846120,ANDERS MORGENTHALER,37
80169,JANE ANDERSON,Q610307,ANTWON TANNER,37
80169,JANE ANDERSON,Q2377120,JANNIE FAURSCHOU,37
80169,JANE ANDERSON,Q31409,JASON ANTOON,37
80169,JANE ANDERSON,Q4919500,BJARNE ANDERSEN,37
80169,JANE ANDERSON,Q491060,ANDERS HAKANSSON,37
80169,JANE ANDERSON,Q7441203,SEAN MASTERSON,37
80169,JANE ANDERSON,Q22209395,ANDRE-ANI,37
80169,JANE ANDERSON,Q23833907,NATHAN ANDERSON,37
80169,JANE ANDERSON,Q11957916,ANDERS T. ANDERSEN,37
80169,JANE ANDERSON,Q6900353,MONIQUE GANDERTON,37
80169,JANE ANDERSON,Q5296301,DONNA ANDERSON,37
80169,JANE ANDERSON,Q64374267,ELAINE BENSON,37
80169,JANE ANDERSON,Q22102059,JERRY ARONSON,37
80169,JANE ANDERSON,Q11957840,ANDERS DAHLBERG,37
80169,JANE ANDERSON,Q23932052,JAMES INGERSOLL,37
80169,JANE ANDERSON,Q21294836,MAE MADISON,37
80169,JANE ANDERSON,Q26703645,SHAMIER ANDERSON,37
80169,JANE ANDERSON,Q68165281,JANE AINSCOUGH,37
80169,JANE ANDERSON,Q11862348,HENRIKA ANDERSSON,37
80169,JANE ANDERSON,Q16195608,TY GRANDERSON JONES,37
80169,JANE ANDERSON,Q355102,ADELIN WAGNER,37
80169,JANE ANDERSON,Q101980608,JORDAN ANDONOV,37
80169,JANE ANDERSON,Q235066,LAURIE ANDERSON,37
80169,JANE ANDERSON,Q1675895,IVAN ANDONOV,37
80169,JANE ANDERSON,Q533831,ERIKA ANDERSON,37
80169,JANE ANDERSON,Q7612730,STEVE GUNDERSON,37
80169,JANE ANDERSON,Q4251643,BRANDON JONES,37
80169,JANE ANDERSON,Q6228719,JOHN DAVIDSON,37
80169,JANE ANDERSON,Q1856064,JACKIE CONDON,37
80169,JANE ANDERSON,Q7410764,SAMUEL ANDERSON,37
80169,JANE ANDERSON,Q973413,GARY ANDERSON,37
80169,JANE ANDERSON,Q5556557,PER ANDREASSON,37
80169,JANE ANDERSON,Q18746013,JAN DRNEK,37
80169,JANE ANDERSON,Q6939147,MURRAY C. ANDERSON,37
80169,JANE ANDERSON,Q12340447,VALDEMAR ANDERSEN,37
80169,JANE ANDERSON,Q6129688,JAMES BENSON,36
80169,JANE ANDERSON,Q22115386,RONAN BLANEY,36
80169,JANE ANDERSON,Q16972222,GAVIN ANDRESEN,36
80169,JANE ANDERSON,Q67618762,JANE HARE,36
80169,JANE ANDERSON,Q641035,ARILD ANDERSEN,36
80169,JANE ANDERSON,Q57374,LALE ANDERSEN,36
80169,JANE ANDERSON,Q18042820,JANA ANDRSOVA,36
80169,JANE ANDERSON,Q3195278,KENT ANDERSSON,36
80169,JANE ANDERSON,Q16728088,JAMES CLAYDEN,36
80169,JANE ANDERSON,Q64000152,DAVID ANDERSON,36
80169,JANE ANDERSON,Q21403068,DAVID ANDERSON,36
80169,JANE ANDERSON,Q491015,ANDERS HATLO,36
80169,JANE ANDERSON,Q26211093,CHRISTINE ALDERSON,36
80169,JANE ANDERSON,Q3286742,MANUEL ALEJANDRO,36
80169,JANE ANDERSON,Q13472612,SEAN ALBERTSON,36
80169,JANE ANDERSON,Q105037765,CAMERON JACK,36
80169,JANE ANDERSON,Q4924324,BLAKE ANDERSON,36
80169,JANE ANDERSON,Q16739194,GENEVIERE ANDERSON,36
80169,JANE ANDERSON,Q5791441,JOHN HARRYSON,36
80169,JANE ANDERSON,Q16730184,LANE JANGER,36
80169,JANE ANDERSON,Q7435888,SCOTT ANDERSON,36
80169,JANE ANDERSON,Q12321489,KASPER ANDERSEN,36
80169,JANE ANDERSON,Q27051959,IBEN HAAHR ANDERSEN,36
80169,JANE ANDERSON,Q466220,PAULINE HANSON,36
80169,JANE ANDERSON,Q1022537,WARREN VANDERS,36
80169,JANE ANDERSON,Q26997126,JEANNE BERANGERE,36
80169,JANE ANDERSON,Q6153154,JANET AMSDEN,36
80169,JANE ANDERSON,Q6151232,JANE CARR,36
80169,JANE ANDERSON,Q203047,RICHARD DEAN ANDERSON,36
80169,JANE ANDERSON,Q15710032,ROBIN ANDERSON,36
80169,JANE ANDERSON,Q278641,IVIE ANDERSON,36
80169,JANE ANDERSON,Q5246052,DEAN CAMERON,36
80169,JANE ANDERSON,Q16223225,FRANCES CARSON,36
80169,JANE ANDERSON,Q5571136,ANDERS BERG,36
80169,JANE ANDERSON,Q66091486,JANIS AHERN,36
80169,JANE ANDERSON,Q5214671,DANA ANDERSEN,36
80169,JANE ANDERSON,Q12301462,ANDERS PETER BRO,36
80169,JANE ANDERSON,Q5678518,JAMES BABSON,36
80169,JANE ANDERSON,Q5541648,HANS ABRAMSON,36
80169,JANE ANDERSON,Q1396324,JEANNE CARMEN,36
80169,JANE ANDERSON,Q60884,GUNTHER ANDERS,36
80169,JANE ANDERSON,Q28657779,LARS ANDERSEN,36
80169,JANE ANDERSON,Q6076483,ISAAC HENDERSON,36
80169,JANE ANDERSON,Q6151247,JANE CHEN,35
80169,JANE ANDERSON,Q12301439,ANDERS LUND MADSEN,35
80169,JANE ANDERSON,Q18912935,IVAN ANDERSON,35
80169,JANE ANDERSON,Q594329,LOUIE ANDERSON,35
80169,JANE ANDERSON,Q494855,ANDREA PRODAN,35
80169,JANE ANDERSON,Q16063227,ANDERS WALTER,35
80169,JANE ANDERSON,Q5310289,DUANE ADLER,35
80169,JANE ANDERSON,Q12342907,TAGE AXELSON,35
80169,JANE ANDERSON,Q4933859,MAUDE ADELSON,35
80169,JANE ANDERSON,Q2919978,DANIEL BARONE,35
80169,JANE ANDERSON,Q27929944,VIVIANE ANDEREGGEN,35
80169,JANE ANDERSON,Q16150272,STEVE ANDERSON,35
80169,JANE ANDERSON,Q5606799,GREGORY ANDERSON,35
80169,JANE ANDERSON,Q349213,RUDOLF ANDERSON,35
80169,JANE ANDERSON,Q21282384,MADISON MASON,35
80169,JANE ANDERSON,Q2573032,FRANK ANDERSON,35
80169,JANE ANDERSON,Q605640,"GEORGE WHELAN ANDERSON, JR.",35
80169,JANE ANDERSON,Q71247282,PERNILLE ANDERSEN,35
80169,JANE ANDERSON,Q95284613,JANN ANDEREGG,35
80169,JANE ANDERSON,Q20984390,MERV ADELSON,35
80169,JANE ANDERSON,Q458240,JESSICA ANDERSON,35
80169,JANE ANDERSON,Q3807004,JANE FROMAN,35
80169,JANE ANDERSON,Q3165317,JEAN-DENIS BONAN,35
80169,JANE ANDERSON,Q214758,DEAN ACHESON,35
80169,JANE ANDERSON,Q498605,ANDREAS JUNG,35
80169,JANE ANDERSON,Q18352260,ANDREW RONA,35
80169,JANE ANDERSON,Q15070000,JANE HALLAREN,35
80169,JANE ANDERSON,Q445158,JAMES FERGUSON,35
80169,JANE ANDERSON,Q21903464,KJELL ANDERSEN,35
80169,JANE ANDERSON,Q21511470,MCKEE ANDERSON,35
80169,JANE ANDERSON,Q7488112,SHANE JOHNSON,35
80169,JANE ANDERSON,Q532915,NOEL HARRISON,35
80169,JANE ANDERSON,Q106375623,JACK HARRISON,34
80169,JANE ANDERSON,Q2848744,ANDRE VAN IN,34
80169,JANE ANDERSON,Q169366,CARL DAVID ANDERSON,34
80169,JANE ANDERSON,Q3811821,JURGEN ANDERSEN,34
80169,JANE ANDERSON,Q3807008,JANE HAMILTON,34
80169,JANE ANDERSON,Q95878005,JAN BARTO,34
80169,JANE ANDERSON,Q596137,GERRY ANDERSON,34
80169,JANE ANDERSON,Q22137350,HOLGER ANDERSSON,34
80169,JANE ANDERSON,Q95314,HANNES JAENICKE,34
80169,JANE ANDERSON,Q449763,STIG ANDERSON,34
80169,JANE ANDERSON,Q15602500,JOANNA ADLER,34
80169,JANE ANDERSON,Q499882,ANDREAS PAPE,34
80169,JANE ANDERSON,Q3037910,DOUG ANDERSON,34
80169,JANE ANDERSON,Q5674982,ANDER JANIN,34
80169,JANE ANDERSON,Q26911633,JON TIMOTHY ANDERSON,34
80169,JANE ANDERSON,Q3616000,ANDREA ROMANO,34
80169,JANE ANDERSON,Q19629905,BITTE ANDERSSON,34
80169,JANE ANDERSON,Q5555432,MARTIN ANDERSSON,34
80169,JANE ANDERSON,Q7488257,SHANE SALERNO,34
80169,JANE ANDERSON,Q3172376,JEAN GRANIER,34
80169,JANE ANDERSON,Q10307042,JOANNA CAMERON,34
80169,JANE ANDERSON,Q1583049,JAN ANDRES,34
80169,JANE ANDERSON,Q5162071,CONNY ANDERSSON,34
80169,JANE ANDERSON,Q16645626,JEANNE DANDOY,34
80169,JANE ANDERSON,Q1332579,JAMES GAINES,34
80169,JANE ANDERSON,Q692141,ARNE ANDERSSON,34
80169,JANE ANDERSON,Q7611794,STEVE ANDERSON,34
80169,JANE ANDERSON,Q5554890,JESPER ANDERSSON,34
80169,JANE ANDERSON,Q5554881,JESPER ANDERSSON,34
80169,JANE ANDERSON,Q5492339,FRANS ANDERSSON,34
80169,JANE ANDERSON,Q719988,JAMES HAYDEN,33
80169,JANE ANDERSON,Q64046,ANDREAS DEJA,33
80169,JANE ANDERSON,Q4754712,ANDRAS JONES,33
80169,JANE ANDERSON,Q550468,ESTHER ANDERSON,33
80169,JANE ANDERSON,Q22985976,JAMES D. HENSON,33
80169,JANE ANDERSON,Q41895839,ANDREA WAGNER,33
80169,JANE ANDERSON,Q11977914,JAKOB SCHOYEN ANDERSEN,33
80169,JANE ANDERSON,Q5401137,ESTHER ANDERSON,33
80169,JANE ANDERSON,Q711760,JOHN HANSON,33
80169,JANE ANDERSON,Q96051048,AHN JAE-HONG,33
80169,JANE ANDERSON,Q42302617,EVALD ANDERSEN,33
80169,JANE ANDERSON,Q472131,ROBERT ANDERSON,33
80169,JANE ANDERSON,Q1827700,LISA ARRINDELL ANDERSON,33
80169,JANE ANDERSON,Q60682997,HANEEF ADENI,33
80169,JANE ANDERSON,Q1777447,ANDERS HAGEN,33
80169,JANE ANDERSON,Q4412539,JULIA CAMERON,33
80169,JANE ANDERSON,Q548861,DAN HENDERSON,33
80169,JANE ANDERSON,Q21409346,CAROL ANDRESON,33
80169,JANE ANDERSON,Q3807728,JEANIE DRYNAN,33
80169,JANE ANDERSON,Q12358333,AGO ANDERSON,33
80169,JANE ANDERSON,Q3181694,JOHN HANSON,33
80169,JANE ANDERSON,Q3357423,ANDERS LINDER,33
80169,JANE ANDERSON,Q3229663,LEONARD ANDERSON,33
80169,JANE ANDERSON,Q3181489,JOHN FERGUSON,33
80169,JANE ANDERSON,Q20684286,JUNE CARLSON,33
80169,JANE ANDERSON,Q20675861,JANEK AMBROS,33
80169,JANE ANDERSON,Q7524355,SINI ANDERSON,33
80169,JANE ANDERSON,Q142221,JANET BROWN,33
80169,JANE ANDERSON,Q4965591,BRIAN WAYNE PETERSON,33
80169,JANE ANDERSON,Q4972562,SANNA PERSSON,33
80169,JANE ANDERSON,Q19864185,LAURIE ANDERS,33
80169,JANE ANDERSON,Q1441086,FRANCESCO JOVINE,33
80169,JANE ANDERSON,Q26882970,ANNA ANDERSON,33
80169,JANE ANDERSON,Q5555780,PER ANDERSSON,33
80169,JANE ANDERSON,Q3161132,JAMES HANLON,33
80169,JANE ANDERSON,Q27043727,JAMES DAWSON,33
80169,JANE ANDERSON,Q1549422,LUTHER HENDERSON,33
80169,JANE ANDERSON,Q1992382,DARLA K. ANDERSON,33
80169,JANE ANDERSON,Q15896399,BERSON WANG,33
80169,JANE ANDERSON,Q520578,ANDRE LAVAGNE,33
80169,JANE ANDERSON,Q6120043,JACQUELINE ANDERSON,33
80169,JANE ANDERSON,Q6148422,ANDERS LENNBERG,33
80169,JANE ANDERSON,Q18645951,ANDERSON LAWLER,33
80169,JANE ANDERSON,Q344013,BRETT ANDERSON,33
80169,JANE ANDERSON,Q24883904,HAPPY ANDERSON,33
80169,JANE ANDERSON,Q17173840,JEANNE ARENES,33
80169,JANE ANDERSON,Q17105271,ANDERS MORDAL,33
80169,JANE ANDERSON,Q3827121,LARRY ANDERSON,33
80169,JANE ANDERSON,Q23783383,CHARLES ANDERSON,33
80169,JANE ANDERSON,Q18977685,IAN LLOYD ANDERSON,33
80169,JANE ANDERSON,Q38052519,JANE EGGERTSEN,33
80169,JANE ANDERSON,Q5553176,GERT ANDERSEN,33
80169,JANE ANDERSON,Q6384485,KEITH HENDERSON,33
80169,JANE ANDERSON,Q4919632,BJORN ANDERSON,33
80169,JANE ANDERSON,Q12322840,KRESTEN J. ANDERSEN,33
80169,JANE ANDERSON,Q1680280,JAMES DOBSON,33
80169,JANE ANDERSON,Q5554187,BJORN ANDERSSON,33
80169,JANE ANDERSON,Q2560807,JAY ANSON,33
80169,JANE ANDERSON,Q4935657,LONE DAM ANDERSEN,33
80169,JANE ANDERSON,Q5555104,KAJ ANDERSSON,33
80169,JANE ANDERSON,Q4935798,GERD ANDERSSON,33
80169,JANE ANDERSON,Q61986925,ANDERS PEMER,32
80169,JANE ANDERSON,Q68635666,JACQUES CAMERON,32
80169,JANE ANDERSON,Q98435786,PEDER ANDERSEN,32
80169,JANE ANDERSON,Q6111005,JACK ANDREWS,32
80169,JANE ANDERSON,Q4936003,ULLA ANDREASSON,32
80169,JANE ANDERSON,Q5310294,DUANE ANDREWS,32
80169,JANE ANDERSON,Q4797820,ARTHUR ANDERSON,32
80169,JANE ANDERSON,Q5228233,DAVE ANDERSON,32
80169,JANE ANDERSON,Q4753969,ANDERSEN GABRYCH,32
80169,JANE ANDERSON,Q6228714,JOHN DAVIDSON,32
80169,JANE ANDERSON,Q6151167,JANE BERNSTEIN,32
80169,JANE ANDERSON,Q7040574,SAMUEL CALDERON,32
80169,JANE ANDERSON,Q12303909,BO ANDERSEN,32
80169,JANE ANDERSON,Q38052610,ANDREAS ANDERSEN,32
80169,JANE ANDERSON,Q6170100,JEAN ALEXANDER,32
80169,JANE ANDERSON,Q24743212,ANDERSON BOYD,32
80169,JANE ANDERSON,Q2479548,BAS JAN ADER,32
80169,JANE ANDERSON,Q2492049,JOANNE BARON,32
80169,JANE ANDERSON,Q1681752,JAN FARES,32
80169,JANE ANDERSON,Q3455688,REGIS ANDERS,32
80169,JANE ANDERSON,Q2172,LANCE ARMSTRONG,32
80169,JANE ANDERSON,Q57617730,JASON JAMESON,32
80169,JANE ANDERSON,Q1367464,RUNE ANDREASSON,32
80169,JANE ANDERSON,Q1395573,HARRY ANDERSON,32
80169,JANE ANDERSON,Q267476,JANE BADLER,32
80169,JANE ANDERSON,Q66812802,LANCE SLOANE,32
80169,JANE ANDERSON,Q6153179,JANET BANZET,32
80169,JANE ANDERSON,Q5556149,TOMMY ANDERSSON,32
80169,JANE ANDERSON,Q15996852,WILLIAM ANDERSON,32
80169,JANE ANDERSON,Q91426455,ANDRES GARCES,32
80169,JANE ANDERSON,Q28924780,DANIEL ANKER,32
80169,JANE ANDERSON,Q2848143,ANDRE LEJEUNE,32
80169,JANE ANDERSON,Q38054471,ANDERS JOHANNES BUKH,32
80169,JANE ANDERSON,Q5228469,DAVE CAMERON,32
80169,JANE ANDERSON,Q5972252,LEANDRO MARTINEZ,32
80169,JANE ANDERSON,Q73379652,MARY SUE ANDERSEN,32
80169,JANE ANDERSON,Q5969787,ANDERS LONNBRO,32
80169,JANE ANDERSON,Q6173814,JEFF FERGUSON,32
80169,JANE ANDERSON,Q60439382,JUAN BARRERO,32
80169,JANE ANDERSON,Q40011859,ROBERT ANDERSEN,32
80169,JANE ANDERSON,Q41236286,ANDERS SANDBERG,32
80169,JANE ANDERSON,Q106375197,ANDY ANDERSON,31
80169,JANE ANDERSON,Q15511907,KAARE ANDREWS,31
80169,JANE ANDERSON,Q26759609,MATTHEW ANDERSON,31
80169,JANE ANDERSON,Q52394680,JAIMZ ASMUNDSON,31
80169,JANE ANDERSON,Q26759948,CAMERON SARDONE,31
80169,JANE ANDERSON,Q52394703,KAREN ASMUNDSON,31
80169,JANE ANDERSON,Q818040,BENNY ANDERSEN,31
80169,JANE ANDERSON,Q7580092,ANNA ANDRUSENKO,31
80169,JANE ANDERSON,Q512549,NIELS ANDERSEN,31
80169,JANE ANDERSON,Q461778,IRENA ANDERS,31
80169,JANE ANDERSON,Q310819,JOHNNY CARSON,31
80169,JANE ANDERSON,Q240969,MELISSA SUE ANDERSON,31
80169,JANE ANDERSON,Q36322,JANE AUSTEN,31
80169,JANE ANDERSON,Q6387235,KEN ANDERSON,31
80169,JANE ANDERSON,Q5828420,ROLAND JANSON,31
80169,JANE ANDERSON,Q6172330,JEANNIE CARSON,31
80169,JANE ANDERSON,Q24961285,ANDRES CLARIOND RANGEL,31
80169,JANE ANDERSON,Q2818892,A.J. HENDERSON,31
80169,JANE ANDERSON,Q107933878,ANDERS NYBERG,31
80169,JANE ANDERSON,Q11720041,JANUSZ ANDERMAN,31
80169,JANE ANDERSON,Q5386020,ERIC ANDERSON,30
80169,JANE ANDERSON,Q27044612,SEAN CAMERON,30
80169,JANE ANDERSON,Q6505586,LAYKE ANDERSON,30
80169,JANE ANDERSON,Q6281203,JOSEPH B. ANDERSON,30
80169,JANE ANDERSON,Q5180694,CRAIG ANDERSON,30
80169,JANE ANDERSON,Q542106,JANE DOWNS,30
80169,JANE ANDERSON,Q1588449,HASKELL V. ANDERSON III,30
80169,JANE ANDERSON,Q1023663,MIA GUNDERSEN,30
80169,JANE ANDERSON,Q50094024,EMERSON TATE ALEXANDER,30
80169,JANE ANDERSON,Q435290,JOHN ERICSSON,30
80169,JANE ANDERSON,Q953696,KEN ANDERSON,30
80169,JANE ANDERSON,Q3218131,LARS ANDERSON,30
80169,JANE ANDERSON,Q95854616,NATHAN AMONDSON,30
80169,JANE ANDERSON,Q63807149,KHALIL MCGHEE-ANDERSON,30
80169,JANE ANDERSON,Q3710079,JAMES DODSON,30
80169,JANE ANDERSON,Q3554454,VANCE JOHNSON,30
80169,JANE ANDERSON,Q4935841,KERSTIN ANDERSSON,30
80169,JANE ANDERSON,Q4935902,MONA ANDERSSON,30
80169,JANE ANDERSON,Q2617781,CAPRI ANDERSON,30
80169,JANE ANDERSON,Q6218097,JOHN ACHESON,30
80169,JANE ANDERSON,Q6155945,JANUS CERCONE,30
80169,JANE ANDERSON,Q264313,JANIS HANSEN,30
80169,JANE ANDERSON,Q1383608,AXEL ANDERSON,30
80169,JANE ANDERSON,Q2673235,SYLVIA ANDERSON,30
80169,JANE ANDERSON,Q6222975,JOHN BRANDON,30
80169,JANE ANDERSON,Q16632837,JONATHAN ANDERSSON,30
80169,JANE ANDERSON,Q99194840,CAROLYN JONES,30
80169,JANE ANDERSON,Q549955,JAN ELIASSON,29
80169,JANE ANDERSON,Q5536240,GEORGE ANDERSON,29
80169,JANE ANDERSON,Q57084996,BJARNE ANTONISEN,29
80169,JANE ANDERSON,Q6375339,KATE ATKINSON,29
80169,JANE ANDERSON,Q6148443,JAN ADELE,29
80169,JANE ANDERSON,Q626026,ARANKA JAENKE,29
80169,JANE ANDERSON,Q28074299,ALEJANDRO GANCE,29
80169,JANE ANDERSON,Q13735439,JAN EILANDER,29
80169,JANE ANDERSON,Q311078,SHANE DAWSON,29
80169,JANE ANDERSON,Q234718,JOANNE HARRIS,29
80169,JANE ANDERSON,Q95863279,SAMUEL LARSON,29
80169,JANE ANDERSON,Q3161137,JAMES HARRISON,29
80169,JANE ANDERSON,Q441893,JANET CARROLL,29
80169,JANE ANDERSON,Q436251,MAY ANDERSEN,29
80169,JANE ANDERSON,Q2574028,DEAN ANDREWS,29
80169,JANE ANDERSON,Q231923,MARIAN ANDERSON,29
80169,JANE ANDERSON,Q15967344,JON ASGEIRSSON,29
80169,JANE ANDERSON,Q4060847,WAYNE ALEXANDER,29
80169,JANE ANDERSON,Q1442881,FRANK ANDERSSON,29
80169,JANE ANDERSON,Q100773567,JEREMY DEGRUSON,29
80169,JANE ANDERSON,Q15117828,JOLENE ANDERSEN,29
80169,JANE ANDERSON,Q35986152,JOHANNES ANDRESEN,29
80169,JANE ANDERSON,Q2344311,CARINE ADLER,29
80169,JANE ANDERSON,Q47091257,JAN ARENDSZ,29
80169,JANE ANDERSON,Q23011121,EVER ANDERSON,29
80169,JANE ANDERSON,Q4794524,ARNE ARNARDO,29
80169,JANE ANDERSON,Q28524412,JANE HARPER,29
80169,JANE ANDERSON,Q839126,GEORGE ANDERSON,29
80169,JANE ANDERSON,Q21869932,KAREN RANDERS-PEHRSON,29
80169,JANE ANDERSON,Q17057495,ANDREAS BJARKE,29
80169,JANE ANDERSON,Q12156564,CHERINE ANDERSON,29
80169,JANE ANDERSON,Q22107133,HESPER ANDERSON,29
80169,JANE ANDERSON,Q4760274,ANDRES SANCHEZ,29
80169,JANE ANDERSON,Q35980171,ANDERS ODSBJERG,28
80169,JANE ANDERSON,Q2870857,AUDREY MARIE ANDERSON,28
80169,JANE ANDERSON,Q266109,JACQUELINE EMERSON,28
80169,JANE ANDERSON,Q3545269,ANDERS SANDBERG,28
80169,JANE ANDERSON,Q7416719,SANDRA NELSON,28
80169,JANE ANDERSON,Q13034436,BRUCE ANDERSON,28
80169,JANE ANDERSON,Q3161563,JAMIEL HASSON,28
80169,JANE ANDERSON,Q5695851,JOHAN CARLSSON,28
80169,JANE ANDERSON,Q3162882,JASON D. ANDERSON,28
80169,JANE ANDERSON,Q5568400,ANDERS BECKMAN,28
80169,JANE ANDERSON,Q3568393,WILLIAM ANDERSON,28
80169,JANE ANDERSON,Q28911659,JOAN BRADERMAN,27
80169,JANE ANDERSON,Q2924842,BRIAN ANDREWS,27
80169,JANE ANDERSON,Q6728109,MADISON STONE,27
80169,JANE ANDERSON,Q2741776,MIKE B. ANDERSON,27
80169,JANE ANDERSON,Q3013658,DANIEL ANDERSON,27
80169,JANE ANDERSON,Q3161856,JANE DULO,27
80169,JANE ANDERSON,Q12321872,KIMMIE ANDERSEN,27
80169,JANE ANDERSON,Q50818941,ERICA ANDERSON,27
80169,JANE ANDERSON,Q7648349,SUSAN SANDLER,27
80169,JANE ANDERSON,Q710518,DANSON TANG,27
80169,JANE ANDERSON,Q525246,ANDY ANDERSON,27
80169,JANE ANDERSON,Q18609390,SONKE ANDRESEN,27
80169,JANE ANDERSON,Q1036742,CARL ANDERSON,27
80169,JANE ANDERSON,Q4935946,ZANDRA ANDERSSON,27
80169,JANE ANDERSON,Q6962520,NANCY ADDISON,27
80169,JANE ANDERSON,Q4757494,ANDREW JAYAMANNE,27
80169,JANE ANDERSON,Q3643694,BRANDON EVANS,27
80169,JANE ANDERSON,Q4753711,ANDERS AGENSO,27
80169,JANE ANDERSON,Q98038603,GAVIN EMERSON,27
80169,JANE ANDERSON,Q77143,THOMAS ANDERS,27
80169,JANE ANDERSON,Q40523447,ANDERS HJERMING,27
80169,JANE ANDERSON,Q6213175,JOEL ANDERSON,27
80169,JANE ANDERSON,Q16150631,RYAN ANDREWS,26
80169,JANE ANDERSON,Q243639,JASON DERULO,26
80169,JANE ANDERSON,Q2706205,JAMES ELLISON,26
80169,JANE ANDERSON,Q27063733,JOVAN ADEPO,26
80169,JANE ANDERSON,Q954184,DEION SANDERS,26
80169,JANE ANDERSON,Q22986216,JOE D'ANGERIO,26
80169,JANE ANDERSON,Q5784440,JONTE HALLDEN,26
80169,JANE ANDERSON,Q15864920,JOHANN ADMONI,26
80169,JANE ANDERSON,Q17985532,BRANDT ANDERSEN,26
80169,JANE ANDERSON,Q943868,MAX ANDERSSON,26
80169,JANE ANDERSON,Q2641080,ALESSANDRO CANE,26
80169,JANE ANDERSON,Q20016278,JUANFER ANDRES,26
80169,JANE ANDERSON,Q108327090,JAN GARDNER,26
80169,JANE ANDERSON,Q4755135,ANDREA JAMES,26
80169,JANE ANDERSON,Q95846963,ANDREAS BANZ,26
80169,JANE ANDERSON,Q5520832,GANESH JAIN,26
80169,JANE ANDERSON,Q5565165,JAN BANDEL,26
80169,JANE ANDERSON,Q5267691,DEVON ANDERSON,26
80169,JANE ANDERSON,Q5555469,MATS ANDERSSON,26
80169,JANE ANDERSON,Q96177017,SIFF ANDERSSON,26
80169,JANE ANDERSON,Q104437316,ANDRES SANCHEZ,26
80169,JANE ANDERSON,Q48843303,ADRIAN PANEK,26
80169,JANE ANDERSON,Q71247571,LONE LIS ANDERSEN,26
80169,JANE ANDERSON,Q68052589,FRANCES ANDERSON,26
80169,JANE ANDERSON,Q42041955,KIRSTINE ANDERSEN,25
80169,JANE ANDERSON,Q6276355,JORDAN ANDREWS,25
80169,JANE ANDERSON,Q3806988,JANE ALLSOP,25
80169,JANE ANDERSON,Q16534830,CAMERON JONES,25
80169,JANE ANDERSON,Q22981040,TOBIAS ANDERSON,25
80169,JANE ANDERSON,Q22776447,SVEIN ANDERSEN,25
80169,JANE ANDERSON,Q19866758,MADELINE ANDERSON,25
80169,JANE ANDERSON,Q60330488,DORIS ANDERSON,24
80169,JANE ANDERSON,Q2283490,DEBORAH ANDERSON,24
80169,JANE ANDERSON,Q22957803,ADE SOLANKE,24
80169,JANE ANDERSON,Q53707,TAGE ERLANDER,24
80169,JANE ANDERSON,Q6990700,NELSON QUAN,24
80169,JANE ANDERSON,Q4941958,JUNE CARLSSON,24
80169,JANE ANDERSON,Q4986786,HANNE ANDERSEN,24
80169,JANE ANDERSON,Q104695201,ANN-SOFIE ANDERSSON,24
80169,JANE ANDERSON,Q5628015,ANDERS EHLIN,24
80169,JANE ANDERSON,Q106374617,EDWARD ANDERSON,24
80169,JANE ANDERSON,Q3481630,SHAWN NELSON,24
80169,JANE ANDERSON,Q7595859,STACEY NELSON,24
80169,JANE ANDERSON,Q64584916,JACK BRETT ANDERSON,24
80169,JANE ANDERSON,Q19975553,NEIL ABRAMSON,24
80169,JANE ANDERSON,Q5686406,HAYDEN WAYNE,24
80169,JANE ANDERSON,Q316997,ANDERSON COOPER,24
80169,JANE ANDERSON,Q11964980,DEAN-ERIK ANDERSEN,24
80169,JANE ANDERSON,Q5797231,MANUEL ANDRES,24
80169,JANE ANDERSON,Q5820107,JAN HAKANSSON,24
80169,JANE ANDERSON,Q27460031,SONNY SANDERS,24
80169,JANE ANDERSON,Q106376315,ANDERS JACOBSSON,24
80169,JANE ANDERSON,Q7996669,WHITNEY ANDERSON,24
80169,JANE ANDERSON,Q589227,JAKE HARDERS,24
80169,JANE ANDERSON,Q6204100,JO ANDERSON,23
80169,JANE ANDERSON,Q6240938,JOHN J. ANDERSON,23
80169,JANE ANDERSON,Q1676998,JACK CAMERON,23
80169,JANE ANDERSON,Q12301831,ANNE KATRINE ANDERSEN,23
80169,JANE ANDERSON,Q104636398,KARSTEN ANDERSEN,23
80169,JANE ANDERSON,Q3056245,ERIC CHASE ANDERSON,23
80169,JANE ANDERSON,Q3043043,EDDIE ALDERSON,23
80169,JANE ANDERSON,Q27044478,AARON WAGNER,23
80169,JANE ANDERSON,Q31463593,ANDERS FLOE,23
80169,JANE ANDERSON,Q7704033,TERRY A. ANDERSON,23
80169,JANE ANDERSON,Q3805593,JACK HENDERSON,23
80169,JANE ANDERSON,Q37995005,JAMES HAWKINSON,22
80169,JANE ANDERSON,Q195439,JASON ALDEAN,22
80169,JANE ANDERSON,Q33403527,JIMMY HENDERSON,22
80169,JANE ANDERSON,Q7441149,SEAN LANDLESS,22
80169,JANE ANDERSON,Q6808668,MEGAN HENDERSON,22
80169,JANE ANDERSON,Q7364247,RON PEDERSON,22
80169,JANE ANDERSON,Q28031451,PIPPA ANDERSON,22
80169,JANE ANDERSON,Q108064181,DANIEL ANDERSSON,22
80169,JANE ANDERSON,Q1076479,SANDY NELSON,22
80169,JANE ANDERSON,Q4386083,ANK VAN DER MOER,22
80169,JANE ANDERSON,Q47009941,SUZAN CAMERON,22
80169,JANE ANDERSON,Q706222,CHRIS ANDERSON,22
80169,JANE ANDERSON,Q4753720,ANDERS BANKE,22
80169,JANE ANDERSON,Q4760363,ANDY ANDERSON,22
80169,JANE ANDERSON,Q12334480,SAMY ANDERSEN,22
80169,JANE ANDERSON,Q20127368,SAGE ERICKSON,22
80169,JANE ANDERSON,Q271045,JACKIE DESHANNON,22
80169,JANE ANDERSON,Q25844678,MAURA ANDERSON,22
80169,JANE ANDERSON,Q206369,RAFFAELA ANDERSON,22
80169,JANE ANDERSON,Q20644133,SABINE ANDRE,22
80169,JANE ANDERSON,Q16730159,JAMES DAVERN,22
80169,JANE ANDERSON,Q16223693,ANDRE JONES,22
80169,JANE ANDERSON,Q16063219,ANDERS GRAU,22
80169,JANE ANDERSON,Q24204656,JAIDEN KAINE,22
80169,JANE ANDERSON,Q26906779,HANNA ANDERSSON,22
80169,JANE ANDERSON,Q4992551,JENS GUNDERSSEN,22
80169,JANE ANDERSON,Q26915005,JED ANDERSON,22
80169,JANE ANDERSON,Q15499598,JACK ARANSON,22
80169,JANE ANDERSON,Q6204806,JOAN ALEXANDER,21
80169,JANE ANDERSON,Q1615458,JEAN DERE,21
80169,JANE ANDERSON,Q1215998,JAVIER ANTON,21
80169,JANE ANDERSON,Q22986272,JULIAN BARNES,21
80169,JANE ANDERSON,Q109764410,RAY SANDERSON,21
80169,JANE ANDERSON,Q5678883,JAMES CANON,21
80169,JANE ANDERSON,Q20630500,TIM ANDERSON,21
80169,JANE ANDERSON,Q491119,ANDERS KOPPEL,21
80169,JANE ANDERSON,Q495808,ANDREAS ANKE,21
80169,JANE ANDERSON,Q361076,TOMMY ANDERSON,21
80169,JANE ANDERSON,Q28946784,RAED ANDONI,20
80169,JANE ANDERSON,Q454440,JENILEE HARRISON,20
80169,JANE ANDERSON,Q22075427,ANNE ANDRESSEN,20
80169,JANE ANDERSON,Q99238474,MILTON C. ANDERSON,19
80169,JANE ANDERSON,Q2652495,ANDREA WAGNER,19
80169,JANE ANDERSON,Q6162803,JASON JONES,19
80169,JANE ANDERSON,Q12319025,JAN HANSEN,19
80169,JANE ANDERSON,Q296282,LEANDER PAES,19
80169,JANE ANDERSON,Q24988390,SHAWNE DUPERON,19
80169,JANE ANDERSON,Q2550565,JOANNE JACKSON,19
80169,JANE ANDERSON,Q106824889,JAYNE ASHBOURNE,18
80169,JANE ANDERSON,Q6132333,JAMES DANNALDSON,18
80169,JANE ANDERSON,Q4956642,BRANDEN NADON,18
80169,JANE ANDERSON,Q26884620,LAUREN ANDERS BROWN,18
80169,JANE ANDERSON,Q96602922,ANDREJ STOJAN,18
80169,JANE ANDERSON,Q5552175,HAKAN ALEXANDERSSON,18
80169,JANE ANDERSON,Q230911,JANICE DICKINSON,18
80169,JANE ANDERSON,Q17501896,ZACH ANDERSON,18
80169,JANE ANDERSON,Q719882,CRAIG ANDERSON,18
80169,JANE ANDERSON,Q95378,SASCHA ANDERSON,17
80169,JANE ANDERSON,Q49286,JANET EVANS,17
80169,JANE ANDERSON,Q66779695,ANDREW ANDERSON,17
80169,JANE ANDERSON,Q38053871,MARTIN ANDERSEN,17
80169,JANE ANDERSON,Q7347284,ROBERT MAILER ANDERSON,17
80169,JANE ANDERSON,Q4775947,ANTON PATZNER,17
80169,JANE ANDERSON,Q312089,PATRIK ANDERSSON,17
80169,JANE ANDERSON,Q11310493,JOANNE ARNOLD,17
80169,JANE ANDERSON,Q21518674,WAYNE HARRISON,17
80169,JANE ANDERSON,Q42313814,JOAN GREGSON,17
80169,JANE ANDERSON,Q20974041,ROBERT HENDERSON,17
80169,JANE ANDERSON,Q8198780,ANDONI EGANA,16
80169,JANE ANDERSON,Q5075101,CHARLES ALVERSON,16
80169,JANE ANDERSON,Q7921342,VERILY ANDERSON,16
80169,JANE ANDERSON,Q2426422,WIES ANDERSEN,16
80169,JANE ANDERSON,Q6249965,JOHN MURRAY ANDERSON,15
80169,JANE ANDERSON,Q4761619,ANEL ALEXANDER,13
80169,JANE ANDERSON,Q2604156,JANKE DEKKER,13
80169,JANE ANDERSON,Q84609786,SONER CANER,13
80169,JANE ANDERSON,Q1272620,STEVE ANDERSON,13
80169,JANE ANDERSON,Q66023299,ANN ANDREASEN,13
80169,JANE ANDERSON,Q7969755,WARNER SAUNDERS,13
80169,JANE ANDERSON,Q5555554,MORGAN ANDERSSON,12
80169,JANE ANDERSON,Q104636387,JAN ERIKSEN,12
80169,JANE ANDERSON,Q37493461,ANDERS HELDE,12
80169,JANE ANDERSON,Q5555197,KJELL ANDERSSON,12
80169,JANE ANDERSON,Q712090,ERIC ANDERSEN,12
80169,JANE ANDERSON,Q16157849,HENRIK ANDERSSON,12
80169,JANE ANDERSON,Q7609556,STEPHEN J. ANDERSON,12
80169,JANE ANDERSON,Q1371127,JANE CAIN,12
80169,JANE ANDERSON,Q4753826,ANDERS JANSSON,12
80169,JANE ANDERSON,Q29020997,JANNE DESMET,12
80169,JANE ANDERSON,Q6437747,KRISTEN ANDERSON-LOPEZ,12
80169,JANE ANDERSON,Q107766834,ALEXANDER LANGE,12
80169,JANE ANDERSON,Q3187623,JUAN CARMONA,11
80169,JANE ANDERSON,Q4760075,ANDRE TANKER,7
80169,JANE ANDERSON,Q28517217,ANDRES ROJAS,6
80169,JANE ANDERSON,Q75507097,H. ANDERSEN,6
80169,JANE ANDERSON,Q30524096,KATHRIN ANDERSON,6
80169,JANE ANDERSON,Q76937014,HARTVIG ANDERSEN,6
80169,JANE ANDERSON,Q76454213,ANDERS PALM OLESEN,6
80169,JANE ANDERSON,Q6256023,ANDERS ASTROM,6
80169,JANE ANDERSON,Q18199502,SEJER ANDERSEN,6
80169,JANE ANDERSON,Q242210,JANE DARLING,6
80169,JANE ANDERSON,Q141561,JOHANNES ENDERS,6
80169,JANE ANDERSON,Q105467190,ANDREAS FONTANA,6
80169,JANE ANDERSON,Q98435747,ANDERS RASMUSSEN,6
80169,JANE ANDERSON,Q1160463,ANDRAS LENER,6
80169,JANE ANDERSON,Q12301410,ANDERS HERMANSEN,6
80169,JANE ANDERSON,Q12301474,ANDERS SUND,6
80169,JANE ANDERSON,Q12303133,BENNY E. ANDERSEN,6
80169,JANE ANDERSON,Q13234758,ANDRES ANVELT,6
80169,JANE ANDERSON,Q1357337,ERNST ANDERS,6
80169,JANE ANDERSON,Q15139882,ANDRAS RAJNAI,6
80169,JANE ANDERSON,Q22575760,LYNN ANDERSON,6
80169,JANE ANDERSON,Q1554595,GUNDER ANDERSSON,6
80169,JANE ANDERSON,Q15944052,CARSTEN ANDERSEN,6
80169,JANE ANDERSON,Q16063218,ANDERS ENEVIG,6
80169,JANE ANDERSON,Q8951285,JOANNE DENG,6
80169,JANE ANDERSON,Q1682686,JANEZ DROZG,6
80169,JANE ANDERSON,Q63125259,JEAN HERMANSON,6
80169,JANE ANDERSON,Q2072778,VILHELM ANDERSEN,6
80169,JANE ANDERSON,Q21464363,KARSTEN KJAER,6
80169,JANE ANDERSON,Q75507025,PINOE ANDERSEN,6
80169,JANE ANDERSON,Q3170606,JEAN BARONNET,6
80169,JANE ANDERSON,Q3171813,JEAN DRUON,6
80169,JANE ANDERSON,Q4747419,AMNON DANKNER,6
80169,JANE ANDERSON,Q4753716,ANDERS ANDERSSON,6
80169,JANE ANDERSON,Q4758415,ANDREW ROBSON,6
80169,JANE ANDERSON,Q4935809,INGA-LILL ANDERSSON,6
80169,JANE ANDERSON,Q4935953,SOLVEIG ANDERSSON-CARLSSON,6
80169,JANE ANDERSON,Q497832,ANDREAS HANFT,6
80169,JANE ANDERSON,Q4991062,JANE AAMUND,6
80169,JANE ANDERSON,Q4992324,OLE ANDREASEN,6
80169,JANE ANDERSON,Q5546285,GOSTA ALEXANDERSSON,6
80169,JANE ANDERSON,Q5553375,TORD ANDERSEN,6
80169,JANE ANDERSON,Q5553504,FREDRIK ANDERSON,6
80169,JANE ANDERSON,Q5553881,ANDERS ANDERSSON,6
80169,JANE ANDERSON,Q67914672,TADEAS TROJANEK,6
80169,JANE ANDERSON,Q5554224,BOSSE ANDERSSON,6
80169,JANE ANDERSON,Q5666674,ALFONSO ANDRE,6
80169,JANE ANDERSON,Q65032912,KARIN ANDERSEN,6
80169,JANE ANDERSON,Q5675015,ANDERSON BALLESTEROS,6
80169,JANE ANDERSON,Q5715267,JOHN ERICSSON,6
80169,JANE ANDERSON,Q64384349,MANUEL CEDRON,6
80169,JANE ANDERSON,Q6004555,ANDERS NEGLIN,6
80169,JANE ANDERSON,Q6148528,JAN BANAS,6
80169,JANE ANDERSON,Q6228827,ANDERS WAHLGREN,6
80169,JANE ANDERSON,Q6248166,ANDERS WALLHED,6
80169,JANE ANDERSON,Q6255743,ANDERS ANGSTROM,6
80169,JANE ANDERSON,Q47504728,BOJANA ANDRIC,6
80169,JANE ANDERSON,Q100762350,ANDERS RAMHEDE,6
80169,JANE ANDERSON,Q47372746,JEANNE BERANGERE,6
80169,JANE ANDERSON,Q42041823,EINER ANDREASEN,6
80169,JANE ANDERSON,Q37494141,ANDERS LEIFER,6
80169,JANE ANDERSON,Q7294432,KEL CALDERON,6
80169,JANE ANDERSON,Q40011709,SANNE KNUDSEN,6
80169,JANE ANDERSON,Q72857639,JEAN ARSIN,6
80169,JANE ANDERSON,Q37493176,JESPER MAINTZ ANDERSEN,6
80169,JANE ANDERSON,Q72214200,BETINA ANDERSEN,6
80169,JANE ANDERSON,Q4066020,IONA ANDRONOV,6
80169,JANE ANDERSON,Q3731772,ERIKA M. ANDERSON,6
80169,JANE ANDERSON,Q4066063,ANTON ANDROSOV,6
80169,JANE ANDERSON,Q38054899,STIG ANDERSEN,6
80169,JANE ANDERSON,Q35984952,METTE ANDERSEN,6
80169,JANE ANDERSON,Q42047197,KISS ANDERSEN,6
80169,JANE ANDERSON,Q35979547,ANDERS SORENSEN,6
80169,JANE ANDERSON,Q454969,ANTONIN MAGNE,6
80169,JANE ANDERSON,Q42047241,JOHANNE DINESEN,6
80169,JANE ANDERSON,Q33436925,SOREN DAHL ANDERSEN,6
80169,JANE ANDERSON,Q159674,JAN BENES,5
80169,JANE ANDERSON,Q11856770,EERO OJANEN,5
80169,JANE ANDERSON,Q104776288,ANDERS P. BONGO,0
80169,JANE ANDERSON,Q12022407,JAN BERAN,0
80169,JANE ANDERSON,Q11858682,ESKO JANTUNEN,0
80169,JANE ANDERSON,Q11727418,JOANNA HELANDER,0
80169,JANE ANDERSON,Q98223794,MARK ANDERSEN,0
80169,JANE ANDERSON,Q98435801,FRANS ANDERSEN,0
80169,JANE ANDERSON,Q106105621,VIRGINIA ANDERSON,0
80169,JANE ANDERSON,Q6063016,ANDREAS RANDEL,0
80169,JANE ANDERSON,Q107646758,JORGE SANCHEZ CALDERON,0
80169,JANE ANDERSON,Q27863159,RAYK ANDERS,0
80169,JANE ANDERSON,Q98435668,EVY ANDERSEN,0
80169,JANE ANDERSON,Q597467,ANDRES ANDREANI,0
80169,JANE ANDERSON,Q5600429,ANDERS BORJE,0
80169,JANE ANDERSON,Q39372428,ANDREAS KUNZE,0
80169,JANE ANDERSON,Q2428999,ANDRES MONTES,0
80169,JANE ANDERSON,Q4306689,JENS JANSSON,0
80169,JANE ANDERSON,Q491177,ANDERS LUNDIN,0
80169,JANE ANDERSON,Q19951600,JEANNE ADDED,0
80169,JANE ANDERSON,Q4935886,MARIA ANDERSSON,0
80169,JANE ANDERSON,Q893616,BORIS ANDERSON,0
80169,JANE ANDERSON,Q16644550,JANN HALEXANDER,0
80169,JANE ANDERSON,Q165644,PAUL LANDERS,0
80169,JANE ANDERSON,Q3176027,JEANNE DEMONS,0
80169,JANE ANDERSON,Q4065292,MARIS ANDERSONS,0
80169,JANE ANDERSON,Q12308833,DONALD ANDERSEN,0
80169,JANE ANDERSON,Q14842646,ANDREAS VON HORN,0
80169,JANE ANDERSON,Q94741623,SABINE ANDREAS,0
80169,JANE ANDERSON,Q95189076,YVONNE ANDRA,0
80169,JANE ANDERSON,Q5554132,BERNT ANDERSSON,0
80169,JANE ANDERSON,Q213726,JANKEL ADLER,0
80169,JANE ANDERSON,Q5622740,ANDERS DJURBERG,0
80169,JANE ANDERSON,Q95670946,JANE IWANOFF,0
80169,JANE ANDERSON,Q76448803,ERIK ANDERSEN,0
80169,JANE ANDERSON,Q16490285,ANDRE FERNANDES,0
