acmi_id,acmi_name,wikidata_id,wikidata_name,match
81185,LIVING MOTION PICTURES,Q528126,RON LIVINGSTON,48
81185,LIVING MOTION PICTURES,Q7346945,ROBERT LIVINGSTON,48
81185,LIVING MOTION PICTURES,Q23017141,VICTOR LIVINGSTON,39
81185,LIVING MOTION PICTURES,Q5683731,PAUL LIVINGSTON,37
81185,LIVING MOTION PICTURES,Q7436713,SCOTT LIVINGSTONE,30
81185,LIVING MOTION PICTURES,Q24005635,PAUL LIVINGSTONE,25
81185,LIVING MOTION PICTURES,Q6074728,IRVING PINCUS,15
